  -3.0787608861923217      -0.15989452281153263     
  -3.0159290313720701      -0.31915823757555367     
  -2.9530971765518186      -0.47716238051531457     
  -2.8902653217315670      -0.63328338142916540     
  -2.8274334669113155      -0.78690510201711983     
  -2.7646016120910639      -0.93742126749737431     
  -2.7017697572708124       -1.0842378592960240     
  -2.6389379024505608       -1.2267754593671236     
  -2.5761060476303093       -1.3644715368911298     
  -2.5132741928100577       -1.4967826683271757     
  -2.4504423379898062       -1.6231866820576366     
  -2.3876104831695546       -1.7431847191610648     
  -2.3247786283493030       -1.8563032021805530     
  -2.2619467735290515       -1.9620957041177045     
  -2.1991149187087999       -2.0601447102761412     
  -2.1362830638885484       -2.1500632660013568     
  -2.0734512090682968       -2.2314965038140406     
  -2.0106193542480453       -2.3041230439099731     
  -1.9477874994277937       -2.3676562624993589     
  -1.8849556446075422       -2.4218454229800415     
  -1.8221237897872906       -2.4664766654803785     
  -1.7592919349670391       -2.5013738508664960     
  -1.6964600801467875       -2.5263992558830202     
  -1.6336282253265360       -2.5414541166838758     
  -1.5707963705062844       -2.5464790186080881     
  -1.5079645156860328       -2.5414541306623186     
  -1.4451326608657813       -2.5263992837847384     
  -1.3823008060455297       -2.5013738925813751     
  -1.3194689512252782       -2.4664767208437883     
  -1.2566370964050266       -2.4218454917734880     
  -1.1938052415847751       -2.3676563444513459     
  -1.1309733867645235       -2.3041231386970735     
  -1.0681415319442720       -2.2314966110621737     
  -1.0053096771240204       -2.1500633852872624     
 -0.94247782230376898       -2.0601448411290524     
 -0.87964596748351753       -1.9620958460212050     
 -0.81681411266326609       -1.8563033545746144     
 -0.75398225784301465       -1.7431848814442570     
 -0.69115040302276320       -1.6231868535895027     
 -0.62831854820251176       -1.4967828484307570     
 -0.56548669338226032       -1.3644717248556404     
 -0.50265483856200888       -1.2267756544507529     
 -0.43982298374175743       -1.0842380607288664     
 -0.37699112892150599      -0.93742147448446611     
 -0.31415927410125455      -0.78690531374157757     
 -0.25132741928100311      -0.63328359705540938     
 -0.18849556446075164      -0.47716259919236653     
 -0.12566370964050017      -0.31915845844039503     
  -6.2831854820248695E-002 -0.15989474499251072     
   2.7755575615628914E-015   7.0678990954589369E-015
   6.2831854820254246E-002  0.15989474499252482     
  0.12566370964050572       0.31915845844040902     
  0.18849556446075719       0.47716259919238047     
  0.25132741928100866       0.63328359705542314     
  0.31415927410126010       0.78690531374159101     
  0.37699112892151154       0.93742147448447932     
  0.43982298374176299        1.0842380607288793     
  0.50265483856201443        1.2267756544507653     
  0.56548669338226587        1.3644717248556524     
  0.62831854820251731        1.4967828484307686     
  0.69115040302276876        1.6231868535895133     
  0.75398225784302020        1.7431848814442674     
  0.81681411266327164        1.8563033545746239     
  0.87964596748352308        1.9620958460212141     
  0.94247782230377453        2.0601448411290608     
   1.0053096771240260        2.1500633852872699     
   1.0681415319442775        2.2314966110621803     
   1.1309733867645291        2.3041231386970797     
   1.1938052415847806        2.3676563444513512     
   1.2566370964050322        2.4218454917734924     
   1.3194689512252837        2.4664767208437914     
   1.3823008060455353        2.5013738925813773     
   1.4451326608657868        2.5263992837847402     
   1.5079645156860384        2.5414541306623191     
   1.5707963705062900        2.5464790186080881     
   1.6336282253265415        2.5414541166838753     
   1.6964600801467931        2.5263992558830184     
   1.7592919349670446        2.5013738508664933     
   1.8221237897872962        2.4664766654803749     
   1.8849556446075477        2.4218454229800370     
   1.9477874994277993        2.3676562624993536     
   2.0106193542480506        2.3041230439099674     
   2.0734512090683022        2.2314965038140344     
   2.1362830638885537        2.1500632660013497     
   2.1991149187088053        2.0601447102761332     
   2.2619467735290568        1.9620957041176961     
   2.3247786283493084        1.8563032021805437     
   2.3876104831695599        1.7431847191610548     
   2.4504423379898115        1.6231866820576262     
   2.5132741928100630        1.4967826683271646     
   2.5761060476303146        1.3644715368911184     
   2.6389379024505661        1.2267754593671116     
   2.7017697572708177        1.0842378592960118     
   2.7646016120910692       0.93742126749736154     
   2.8274334669113208       0.78690510201710684     
   2.8902653217315724       0.63328338142915219     
   2.9530971765518239       0.47716238051530130     
   3.0159290313720755       0.31915823757554024     
   3.0787608861923270       0.15989452281151911     
   3.1415927410125786       -2.2262028859824227E-007
   3.2044245958328301      -0.15989496717351567     
