  -1.00000000       3.84615399E-02
 -0.998000026       2.91075744E-02
 -0.995999992       1.98776331E-02
 -0.994000018       1.07716247E-02
 -0.991999984       1.78837776E-03
 -0.990000010      -7.07220659E-03
 -0.987999976      -1.58112757E-02
 -0.986000001      -2.44289674E-02
 -0.984000027      -3.29261310E-02
 -0.981999993      -4.13036756E-02
 -0.980000019      -4.95617203E-02
 -0.977999985      -5.77013828E-02
 -0.976000011      -6.57227784E-02
 -0.973999977      -7.36270398E-02
 -0.972000003      -8.14142823E-02
 -0.970000029      -8.90854001E-02
 -0.967999995      -9.66412127E-02
 -0.966000021     -0.104081884    
 -0.963999987     -0.111408487    
 -0.962000012     -0.118621185    
 -0.959999979     -0.125721067    
 -0.958000004     -0.132708207    
 -0.955999970     -0.139583737    
 -0.953999996     -0.146347836    
 -0.952000022     -0.153001323    
 -0.949999988     -0.159544989    
 -0.948000014     -0.165978998    
 -0.945999980     -0.172304392    
 -0.944000006     -0.178521439    
 -0.941999972     -0.184630990    
 -0.939999998     -0.190633416    
 -0.938000023     -0.196529403    
 -0.935999990     -0.202319771    
 -0.934000015     -0.208004728    
 -0.931999981     -0.213585258    
 -0.930000007     -0.219061613    
 -0.927999973     -0.224434674    
 -0.925999999     -0.229704708    
 -0.924000025     -0.234872520    
 -0.921999991     -0.239938855    
 -0.920000017     -0.244903922    
 -0.917999983     -0.249768674    
 -0.916000009     -0.254533321    
 -0.913999975     -0.259198874    
 -0.912000000     -0.263765484    
 -0.909999967     -0.268234104    
 -0.907999992     -0.272605002    
 -0.906000018     -0.276878923    
 -0.903999984     -0.281056523    
 -0.902000010     -0.285138160    
 -0.899999976     -0.289124697    
 -0.898000002     -0.293016404    
 -0.896000028     -0.296813965    
 -0.893999994     -0.300518125    
 -0.892000020     -0.304129124    
 -0.889999986     -0.307647824    
 -0.888000011     -0.311074615    
 -0.885999978     -0.314410269    
 -0.884000003     -0.317655027    
 -0.881999969     -0.320809752    
 -0.879999995     -0.323874801    
 -0.878000021     -0.326850802    
 -0.875999987     -0.329738379    
 -0.874000013     -0.332538128    
 -0.871999979     -0.335250467    
 -0.870000005     -0.337875903    
 -0.868000031     -0.340415180    
 -0.865999997     -0.342868805    
 -0.863999963     -0.345237285    
 -0.861999989     -0.347521126    
 -0.860000014     -0.349720895    
 -0.857999980     -0.351837277    
 -0.856000006     -0.353870600    
 -0.853999972     -0.355821669    
 -0.851999998     -0.357690781    
 -0.850000024     -0.359478503    
 -0.847999990     -0.361185670    
 -0.845999956     -0.362812489    
 -0.843999982     -0.364359647    
 -0.842000008     -0.365827590    
 -0.839999974     -0.367217004    
 -0.838000000     -0.368528247    
 -0.835999966     -0.369762003    
 -0.833999991     -0.370918721    
 -0.832000017     -0.371998966    
 -0.829999983     -0.373003244    
 -0.828000009     -0.373932153    
 -0.825999975     -0.374786109    
 -0.824000001     -0.375565737    
 -0.822000027     -0.376271456    
 -0.819999993     -0.376903951    
 -0.817999959     -0.377463609    
 -0.815999985     -0.377950996    
 -0.814000010     -0.378366649    
 -0.811999977     -0.378710985    
 -0.810000002     -0.378984690    
 -0.807999969     -0.379188150    
 -0.805999994     -0.379321933    
 -0.804000020     -0.379386574    
 -0.801999986     -0.379382491    
 -0.800000012     -0.379310310    
 -0.797999978     -0.379170448    
 -0.796000004     -0.378963500    
 -0.793999970     -0.378689915    
 -0.791999996     -0.378350228    
 -0.789999962     -0.377944887    
 -0.787999988     -0.377474517    
 -0.786000013     -0.376939505    
 -0.783999979     -0.376340270    
 -0.782000005     -0.375677586    
 -0.779999971     -0.374951690    
 -0.777999997     -0.374163240    
 -0.776000023     -0.373312682    
 -0.773999989     -0.372400492    
 -0.771999955     -0.371427149    
 -0.769999981     -0.370393187    
 -0.768000007     -0.369299114    
 -0.765999973     -0.368145317    
 -0.763999999     -0.366932392    
 -0.761999965     -0.365660816    
 -0.759999990     -0.364331007    
 -0.758000016     -0.362943560    
 -0.755999982     -0.361498803    
 -0.754000008     -0.359997332    
 -0.751999974     -0.358439595    
 -0.750000000     -0.356826067    
 -0.748000026     -0.355157286    
 -0.745999992     -0.353433639    
 -0.743999958     -0.351655602    
 -0.741999984     -0.349823713    
 -0.740000010     -0.347938478    
 -0.737999976     -0.346000195    
 -0.736000001     -0.344009578    
 -0.733999968     -0.341966867    
 -0.731999993     -0.339872628    
 -0.730000019     -0.337727427    
 -0.727999985     -0.335531503    
 -0.725999951     -0.333285511    
 -0.723999977     -0.330989897    
 -0.722000003     -0.328645051    
 -0.720000029     -0.326251507    
 -0.717999995     -0.323809564    
 -0.715999961     -0.321319789    
 -0.713999987     -0.318782747    
 -0.712000012     -0.316198736    
 -0.709999979     -0.313568264    
 -0.707999945     -0.310891688    
 -0.705999970     -0.308169723    
 -0.703999996     -0.305402577    
 -0.702000022     -0.302590817    
 -0.699999988     -0.299734741    
 -0.697999954     -0.296834886    
 -0.695999980     -0.293891817    
 -0.694000006     -0.290905863    
 -0.691999972     -0.287877381    
 -0.689999998     -0.284806997    
 -0.687999964     -0.281694949    
 -0.685999990     -0.278541923    
 -0.684000015     -0.275348157    
 -0.681999981     -0.272114098    
 -0.679999948     -0.268840224    
 -0.677999973     -0.265527099    
 -0.675999999     -0.262174994    
 -0.674000025     -0.258784384    
 -0.671999991     -0.255355597    
 -0.669999957     -0.251889139    
 -0.667999983     -0.248385608    
 -0.666000009     -0.244845212    
 -0.663999975     -0.241268367    
 -0.661999941     -0.237655580    
 -0.659999967     -0.234007388    
 -0.657999992     -0.230324000    
 -0.656000018     -0.226606011    
 -0.653999984     -0.222853601    
 -0.651999950     -0.219067335    
 -0.649999976     -0.215247810    
 -0.648000002     -0.211395204    
 -0.646000028     -0.207509980    
 -0.643999994     -0.203592435    
 -0.641999960     -0.199643135    
 -0.639999986     -0.195662573    
 -0.638000011     -0.191651016    
 -0.635999978     -0.187608793    
 -0.633999944     -0.183536395    
 -0.631999969     -0.179434359    
 -0.629999995     -0.175302997    
 -0.628000021     -0.171142682    
 -0.625999987     -0.166953698    
 -0.623999953     -0.162736535    
 -0.621999979     -0.158491760    
 -0.620000005     -0.154219657    
 -0.617999971     -0.149920419    
 -0.615999997     -0.145594761    
 -0.613999963     -0.141242817    
 -0.611999989     -0.136865184    
 -0.610000014     -0.132462204    
 -0.607999980     -0.128034070    
 -0.605999947     -0.123581305    
 -0.603999972     -0.119104445    
 -0.601999998     -0.114603773    
 -0.600000024     -0.110079631    
 -0.597999990     -0.105532244    
 -0.595999956     -0.100962177    
 -0.593999982      -9.63699520E-02
 -0.592000008      -9.17557925E-02
 -0.589999974      -8.71199071E-02
 -0.587999940      -8.24628770E-02
 -0.585999966      -7.77851492E-02
 -0.583999991      -7.30869919E-02
 -0.582000017      -6.83687627E-02
 -0.579999983      -6.36307150E-02
 -0.577999949      -5.88733442E-02
 -0.575999975      -5.40971644E-02
 -0.574000001      -4.93024103E-02
 -0.571999967      -4.44892831E-02
 -0.569999993      -3.96584384E-02
 -0.567999959      -3.48099731E-02
 -0.565999985      -2.99444906E-02
 -0.564000010      -2.50622593E-02
 -0.561999977      -2.01634988E-02
 -0.559999943      -1.52486563E-02
 -0.557999969      -1.03182793E-02
 -0.555999994      -5.37256896E-03
 -0.554000020      -4.11879271E-04
 -0.551999986       4.56359237E-03
 -0.549999952       9.55334492E-03
 -0.547999978       1.45568736E-02
 -0.546000004       1.95739754E-02
 -0.543999970       2.46044490E-02
 -0.541999936       2.96478011E-02
 -0.539999962       3.47035564E-02
 -0.537999988       3.97714861E-02
 -0.536000013       4.48512770E-02
 -0.533999979       4.99427170E-02
 -0.531999946       5.50453216E-02
 -0.529999971       6.01585954E-02
 -0.527999997       6.52823672E-02
 -0.525999963       7.04164430E-02
 -0.523999989       7.55601823E-02
 -0.521999955       8.07135552E-02
 -0.519999981       8.58759135E-02
 -0.518000007       9.10471007E-02
 -0.515999973       9.62269232E-02
 -0.513999939      0.101414904    
 -0.511999965      0.106610566    
 -0.509999990      0.111813724    
 -0.508000016      0.117024064    
 -0.505999982      0.122241408    
 -0.503999949      0.127465293    
 -0.501999974      0.132695213    
 -0.500000000      0.137931034    
 -0.497999966      0.143172577    
 -0.495999992      0.148419231    
 -0.493999958      0.153670967    
 -0.491999984      0.158927158    
 -0.489999950      0.164187834    
 -0.487999976      0.169452325    
 -0.486000001      0.174720511    
 -0.483999968      0.179992244    
 -0.481999993      0.185266852    
 -0.479999959      0.190544397    
 -0.477999985      0.195824236    
 -0.475999951      0.201106384    
 -0.473999977      0.206390202    
 -0.472000003      0.211675569    
 -0.469999969      0.216962308    
 -0.467999995      0.222249851    
 -0.465999961      0.227538183    
 -0.463999987      0.232826725    
 -0.461999953      0.238115445    
 -0.459999979      0.243403763    
 -0.457999945      0.248691708    
 -0.455999970      0.253978670    
 -0.453999996      0.259264499    
 -0.451999962      0.264549047    
 -0.449999988      0.269831777    
 -0.447999954      0.275112629    
 -0.445999980      0.280391097    
 -0.443999946      0.285667151    
 -0.441999972      0.290940166    
 -0.439999998      0.296210080    
 -0.437999964      0.301476777    
 -0.435999990      0.306739569    
 -0.433999956      0.311998606    
 -0.431999981      0.317253202    
 -0.429999948      0.322503507    
 -0.427999973      0.327748805    
 -0.425999999      0.332989067    
 -0.423999965      0.338224143    
 -0.421999991      0.343453437    
 -0.419999957      0.348677009    
 -0.417999983      0.353894293    
 -0.415999949      0.359105349    
 -0.413999975      0.364309549    
 -0.412000000      0.369506836    
 -0.409999967      0.374697089    
 -0.407999992      0.379879653    
 -0.405999959      0.385054708    
 -0.403999984      0.390221566    
 -0.401999950      0.395380467    
 -0.399999976      0.400530577    
 -0.397999942      0.405672103    
 -0.395999968      0.410804540    
 -0.393999994      0.415927649    
 -0.391999960      0.421041429    
 -0.389999986      0.426145285    
 -0.387999952      0.431239307    
 -0.385999978      0.436322898    
 -0.383999944      0.441396147    
 -0.381999969      0.446458459    
 -0.379999995      0.451509804    
 -0.377999961      0.456550092    
 -0.375999987      0.461578667    
 -0.373999953      0.466595799    
 -0.371999979      0.471600711    
 -0.369999945      0.476593703    
 -0.367999971      0.481573999    
 -0.365999997      0.486541659    
 -0.363999963      0.491496623    
 -0.361999989      0.496438265    
 -0.359999955      0.501366675    
 -0.357999980      0.506281376    
 -0.355999947      0.511182427    
 -0.353999972      0.516069233    
 -0.351999998      0.520941794    
 -0.349999964      0.525799990    
 -0.347999990      0.530643344    
 -0.345999956      0.535471857    
 -0.343999982      0.540285170    
 -0.341999948      0.545083106    
 -0.339999974      0.549865365    
 -0.337999940      0.554631889    
 -0.335999966      0.559382260    
 -0.333999991      0.564116478    
 -0.331999958      0.568834245    
 -0.329999983      0.573535204    
 -0.327999949      0.578219473    
 -0.325999975      0.582886517    
 -0.323999941      0.587536335    
 -0.321999967      0.592168570    
 -0.319999993      0.596783042    
 -0.317999959      0.601379752    
 -0.315999985      0.605958283    
 -0.313999951      0.610518456    
 -0.311999977      0.615060091    
 -0.309999943      0.619583070    
 -0.307999969      0.624087036    
 -0.305999994      0.628571868    
 -0.303999960      0.633037508    
 -0.301999986      0.637483537    
 -0.299999952      0.641909897    
 -0.297999978      0.646316409    
 -0.295999944      0.650702775    
 -0.293999970      0.655068815    
 -0.291999996      0.659414411    
 -0.289999962      0.663739562    
 -0.287999988      0.668043733    
 -0.285999954      0.672326863    
 -0.283999979      0.676588714    
 -0.281999946      0.680829346    
 -0.279999971      0.685048401    
 -0.277999938      0.689245701    
 -0.275999963      0.693421006    
 -0.273999989      0.697574198    
 -0.271999955      0.701705217    
 -0.269999981      0.705813825    
 -0.267999947      0.709899724    
 -0.265999973      0.713962853    
 -0.263999939      0.718003154    
 -0.261999965      0.722020090    
 -0.259999990      0.726013839    
 -0.257999957      0.729984224    
 -0.255999982      0.733930826    
 -0.253999949      0.737853885    
 -0.251999974      0.741752744    
 -0.249999940      0.745627642    
 -0.247999966      0.749478161    
 -0.245999992      0.753304243    
 -0.243999958      0.757105827    
 -0.241999984      0.760882616    
 -0.239999950      0.764634550    
 -0.237999976      0.768361449    
 -0.235999942      0.772063136    
 -0.233999968      0.775739431    
 -0.231999993      0.779390156    
 -0.229999959      0.783015370    
 -0.227999985      0.786614716    
 -0.225999951      0.790188134    
 -0.223999977      0.793735445    
 -0.221999943      0.797256589    
 -0.219999969      0.800751269    
 -0.217999935      0.804219544    
 -0.215999961      0.807661057    
 -0.213999987      0.811075747    
 -0.211999953      0.814463615    
 -0.209999979      0.817824304    
 -0.207999945      0.821157992    
 -0.205999970      0.824464142    
 -0.203999937      0.827742994    
 -0.201999962      0.830994129    
 -0.199999988      0.834217548    
 -0.197999954      0.837413192    
 -0.195999980      0.840580761    
 -0.193999946      0.843720317    
 -0.191999972      0.846831679    
 -0.189999938      0.849914670    
 -0.187999964      0.852969050    
 -0.185999990      0.855994880    
 -0.183999956      0.858992100    
 -0.181999981      0.861960351    
 -0.179999948      0.864899814    
 -0.177999973      0.867810130    
 -0.175999939      0.870691299    
 -0.173999965      0.873543203    
 -0.171999931      0.876365721    
 -0.169999957      0.879158616    
 -0.167999983      0.881921887    
 -0.165999949      0.884655654    
 -0.163999975      0.887359381    
 -0.161999941      0.890033185    
 -0.159999967      0.892676950    
 -0.157999933      0.895290613    
 -0.155999959      0.897874057    
 -0.153999984      0.900427103    
 -0.151999950      0.902949810    
 -0.149999976      0.905441821    
 -0.147999942      0.907903314    
 -0.145999968      0.910334051    
 -0.143999934      0.912733912    
 -0.141999960      0.915102959    
 -0.139999986      0.917440891    
 -0.137999952      0.919747829    
 -0.135999978      0.922023475    
 -0.133999944      0.924267948    
 -0.131999969      0.926480949    
 -0.129999936      0.928662539    
 -0.127999961      0.930812716    
 -0.125999987      0.932931066    
 -0.123999953      0.935017943    
 -0.121999979      0.937072873    
 -0.119999945      0.939096093    
 -0.117999971      0.941087306    
 -0.115999937      0.943046629    
 -0.113999963      0.944973648    
 -0.111999929      0.946868718    
 -0.109999955      0.948731542    
 -0.107999980      0.950562060    
 -0.105999947      0.952360213    
 -0.103999972      0.954125822    
 -0.101999938      0.955859065    
  -9.99999642E-02  0.957559705    
  -9.79999304E-02  0.959227860    
  -9.59999561E-02  0.960863173    
  -9.39999819E-02  0.962465703    
  -9.19999480E-02  0.964035451    
  -8.99999738E-02  0.965572298    
  -8.79999399E-02  0.967076361    
  -8.59999657E-02  0.968547285    
  -8.39999318E-02  0.969985247    
  -8.19999576E-02  0.971390069    
  -7.99999833E-02  0.972761810    
  -7.79999495E-02  0.974100351    
  -7.59999752E-02  0.975405574    
  -7.39999413E-02  0.976677597    
  -7.19999671E-02  0.977916181    
  -6.99999332E-02  0.979121506    
  -6.79999590E-02  0.980293214    
  -6.59999847E-02  0.981431603    
  -6.39999509E-02  0.982536316    
  -6.19999766E-02  0.983607590    
  -5.99999428E-02  0.984645128    
  -5.79999685E-02  0.985649049    
  -5.59999347E-02  0.986619413    
  -5.39999604E-02  0.987555981    
  -5.19999266E-02  0.988458753    
  -4.99999523E-02  0.989327729    
  -4.79999781E-02  0.990163028    
  -4.59999442E-02  0.990964413    
  -4.39999700E-02  0.991731822    
  -4.19999361E-02  0.992465436    
  -3.99999619E-02  0.993165076    
  -3.79999280E-02  0.993830740    
  -3.59999537E-02  0.994462430    
  -3.39999795E-02  0.995060027    
  -3.19999456E-02  0.995623648    
  -2.99999714E-02  0.996153295    
  -2.79999375E-02  0.996648729    
  -2.59999633E-02  0.997110128    
  -2.39999294E-02  0.997537494    
  -2.19999552E-02  0.997930646    
  -1.99999809E-02  0.998289645    
  -1.79999471E-02  0.998614609    
  -1.59999728E-02  0.998905361    
  -1.39999390E-02  0.999161780    
  -1.19999647E-02  0.999384165    
  -9.99993086E-03  0.999572337    
  -7.99995661E-03  0.999726236    
  -5.99998236E-03  0.999846101    
  -3.99994850E-03  0.999931633    
  -1.99997425E-03  0.999982834    
   0.00000000       1.00000000    
   2.00009346E-03  0.999982834    
   4.00006771E-03  0.999931633    
   6.00004196E-03  0.999846101    
   8.00001621E-03  0.999726236    
   9.99999046E-03  0.999572337    
   1.20000839E-02  0.999384224    
   1.40000582E-02  0.999161839    
   1.60000324E-02  0.998905301    
   1.80000067E-02  0.998614550    
   2.00001001E-02  0.998289645    
   2.20000744E-02  0.997930706    
   2.40000486E-02  0.997537434    
   2.60000229E-02  0.997110069    
   2.79999971E-02  0.996648788    
   3.00000906E-02  0.996153235    
   3.20000648E-02  0.995623648    
   3.40000391E-02  0.995059967    
   3.60000134E-02  0.994462311    
   3.80001068E-02  0.993830562    
   4.00000811E-02  0.993165016    
   4.20000553E-02  0.992465317    
   4.40000296E-02  0.991731763    
   4.60000038E-02  0.990964353    
   4.80000973E-02  0.990162969    
   5.00000715E-02  0.989327788    
   5.20000458E-02  0.988458753    
   5.40000200E-02  0.987555981    
   5.59999943E-02  0.986619413    
   5.80000877E-02  0.985649109    
   6.00000620E-02  0.984645128    
   6.20000362E-02  0.983607531    
   6.40000105E-02  0.982536376    
   6.60001040E-02  0.981431425    
   6.80000782E-02  0.980293214    
   7.00000525E-02  0.979121387    
   7.20000267E-02  0.977916121    
   7.40000010E-02  0.976677477    
   7.60000944E-02  0.975405514    
   7.80000687E-02  0.974100232    
   8.00000429E-02  0.972761750    
   8.20000172E-02  0.971390128    
   8.40001106E-02  0.969985247    
   8.60000849E-02  0.968547285    
   8.80000591E-02  0.967076242    
   9.00000334E-02  0.965572357    
   9.20000076E-02  0.964035392    
   9.40001011E-02  0.962465644    
   9.60000753E-02  0.960863113    
   9.80000496E-02  0.959227681    
  0.100000024      0.957559705    
  0.101999998      0.955859065    
  0.104000092      0.954125762    
  0.106000066      0.952360153    
  0.108000040      0.950561881    
  0.110000014      0.948731482    
  0.112000108      0.946868658    
  0.114000082      0.944973707    
  0.116000056      0.943046451    
  0.118000031      0.941087306    
  0.120000005      0.939096093    
  0.122000098      0.937072754    
  0.124000072      0.935017765    
  0.126000047      0.932931006    
  0.128000021      0.930812597    
  0.129999995      0.928662598    
  0.132000089      0.926480830    
  0.134000063      0.924267828    
  0.136000037      0.922023416    
  0.138000011      0.919747770    
  0.140000105      0.917440832    
  0.142000079      0.915102839    
  0.144000053      0.912733912    
  0.146000028      0.910333991    
  0.148000002      0.907903314    
  0.150000095      0.905441761    
  0.152000070      0.902949691    
  0.154000044      0.900427103    
  0.156000018      0.897874117    
  0.158000112      0.895290554    
  0.160000086      0.892676950    
  0.162000060      0.890033126    
  0.164000034      0.887359321    
  0.166000009      0.884655595    
  0.168000102      0.881921828    
  0.170000076      0.879158378    
  0.172000051      0.876365483    
  0.174000025      0.873543084    
  0.175999999      0.870691240    
  0.178000093      0.867810011    
  0.180000067      0.864899695    
  0.182000041      0.861960351    
  0.184000015      0.858992100    
  0.186000109      0.855994701    
  0.188000083      0.852968931    
  0.190000057      0.849914432    
  0.192000031      0.846831560    
  0.194000006      0.843720317    
  0.196000099      0.840580642    
  0.198000073      0.837413073    
  0.200000048      0.834217489    
  0.202000022      0.830994010    
  0.204000115      0.827742696    
  0.206000090      0.824463964    
  0.208000064      0.821157813    
  0.210000038      0.817824244    
  0.212000012      0.814463556    
  0.214000106      0.811075628    
  0.216000080      0.807660818    
  0.218000054      0.804219365    
  0.220000029      0.800751269    
  0.222000003      0.797256470    
  0.224000096      0.793735266    
  0.226000071      0.790188015    
  0.228000045      0.786614597    
  0.230000019      0.783015311    
  0.232000113      0.779389977    
  0.234000087      0.775739193    
  0.236000061      0.772062957    
  0.238000035      0.768361270    
  0.240000010      0.764634550    
  0.242000103      0.760882378    
  0.244000077      0.757105589    
  0.246000051      0.753304183    
  0.248000026      0.749478042    
  0.250000000      0.745627522    
  0.252000093      0.741752625    
  0.254000068      0.737853527    
  0.256000042      0.733930767    
  0.258000016      0.729984224    
  0.260000110      0.726013660    
  0.262000084      0.722019911    
  0.264000058      0.718002796    
  0.266000032      0.713962674    
  0.268000007      0.709899604    
  0.270000100      0.705813527    
  0.272000074      0.701705098    
  0.274000049      0.697574258    
  0.276000023      0.693420827    
  0.278000116      0.689245403    
  0.280000091      0.685048044    
  0.282000065      0.680829227    
  0.284000039      0.676588714    
  0.286000013      0.672326684    
  0.288000107      0.668043435    
  0.290000081      0.663739264    
  0.292000055      0.659414351    
  0.294000030      0.655068874    
  0.296000004      0.650702715    
  0.298000097      0.646316051    
  0.300000072      0.641909838    
  0.302000046      0.637483478    
  0.304000020      0.633037388    
  0.306000113      0.628571689    
  0.308000088      0.624086738    
  0.310000062      0.619582891    
  0.312000036      0.615060031    
  0.314000010      0.610518456    
  0.316000104      0.605958045    
  0.318000078      0.601379573    
  0.320000052      0.596782982    
  0.322000027      0.592168450    
  0.324000120      0.587535977    
  0.326000094      0.582886338    
  0.328000069      0.578219175    
  0.330000043      0.573535144    
  0.332000017      0.568834186    
  0.334000111      0.564116180    
  0.336000085      0.559382081    
  0.338000059      0.554631591    
  0.340000033      0.549865186    
  0.342000008      0.545083046    
  0.344000101      0.540284872    
  0.346000075      0.535471618    
  0.348000050      0.530643344    
  0.350000024      0.525799930    
  0.352000117      0.520941556    
  0.354000092      0.516068935    
  0.356000066      0.511182129    
  0.358000040      0.506281316    
  0.360000014      0.501366615    
  0.362000108      0.496438056    
  0.364000082      0.491496414    
  0.366000056      0.486541569    
  0.368000031      0.481573880    
  0.370000124      0.476593226    
  0.372000098      0.471600473    
  0.374000072      0.466595590    
  0.376000047      0.461578697    
  0.378000021      0.456549972    
  0.380000114      0.451509625    
  0.382000089      0.446458340    
  0.384000063      0.441395849    
  0.386000037      0.436322808    
  0.388000011      0.431239218    
  0.390000105      0.426145017    
  0.392000079      0.421041161    
  0.394000053      0.415927589    
  0.396000028      0.410804451    
  0.398000121      0.405671716    
  0.400000095      0.400530249    
  0.402000070      0.395380199    
  0.404000044      0.390221477    
  0.406000018      0.385054678    
  0.408000112      0.379879355    
  0.410000086      0.374696791    
  0.412000060      0.369506896    
  0.414000034      0.364309520    
  0.416000009      0.359105289    
  0.418000102      0.353894025    
  0.420000076      0.348676860    
  0.422000051      0.343453318    
  0.424000025      0.338223964    
  0.426000118      0.332988828    
  0.428000093      0.327748686    
  0.430000067      0.322503269    
  0.432000041      0.317253113    
  0.434000015      0.311998546    
  0.436000109      0.306739360    
  0.438000083      0.301476568    
  0.440000057      0.296210021    
  0.442000031      0.290940166    
  0.444000125      0.285666794    
  0.446000099      0.280390918    
  0.448000073      0.275112420    
  0.450000048      0.269831747    
  0.452000022      0.264548987    
  0.454000115      0.259264320    
  0.456000090      0.253978431    
  0.458000064      0.248691365    
  0.460000038      0.243403688    
  0.462000012      0.238115400    
  0.464000106      0.232826442    
  0.466000080      0.227537945    
  0.468000054      0.222249895    
  0.470000029      0.216962203    
  0.472000122      0.211675391    
  0.474000096      0.206389874    
  0.476000071      0.201106176    
  0.478000045      0.195824221    
  0.480000019      0.190544322    
  0.482000113      0.185266614    
  0.484000087      0.179992095    
  0.486000061      0.174720377    
  0.488000035      0.169452131    
  0.490000129      0.164187461    
  0.492000103      0.158927053    
  0.494000077      0.153670698    
  0.496000051      0.148419052    
  0.498000026      0.143172592    
  0.500000119      0.137930930    
  0.502000093      0.132694945    
  0.504000068      0.127464935    
  0.506000042      0.122241393    
  0.508000016      0.117024124    
  0.510000110      0.111813590    
  0.512000084      0.106610343    
  0.514000058      0.101414710    
  0.516000032       9.62267965E-02
  0.518000126       9.10469145E-02
  0.520000100       8.58756304E-02
  0.522000074       8.07134658E-02
  0.524000049       7.55601525E-02
  0.526000023       7.04164207E-02
  0.528000116       6.52821884E-02
  0.530000091       6.01584092E-02
  0.532000065       5.50452024E-02
  0.534000039       4.99425530E-02
  0.536000013       4.48515564E-02
  0.538000107       3.97711433E-02
  0.540000081       3.47033106E-02
  0.542000055       2.96475440E-02
  0.544000030       2.46042330E-02
  0.546000123       1.95738487E-02
  0.548000097       1.45566314E-02
  0.550000072       9.55309905E-03
  0.552000046       4.56355885E-03
  0.554000020      -4.11763787E-04
  0.556000113      -5.37263602E-03
  0.558000088      -1.03185475E-02
  0.560000062      -1.52488612E-02
  0.562000036      -2.01635659E-02
  0.564000130      -2.50623636E-02
  0.566000104      -2.99446322E-02
  0.568000078      -3.48102115E-02
  0.570000052      -3.96583863E-02
  0.572000027      -4.44893725E-02
  0.574000120      -4.93026339E-02
  0.576000094      -5.40975221E-02
  0.578000069      -5.88735305E-02
  0.580000043      -6.36307001E-02
  0.582000017      -6.83686733E-02
  0.584000111      -7.30872899E-02
  0.586000085      -7.77852833E-02
  0.588000059      -8.24631453E-02
  0.590000033      -8.71201307E-02
  0.592000127      -9.17560309E-02
  0.594000101      -9.63700712E-02
  0.596000075     -0.100962460    
  0.598000050     -0.105532393    
  0.600000024     -0.110079393    
  0.602000117     -0.114603847    
  0.604000092     -0.119104713    
  0.606000066     -0.123581618    
  0.608000040     -0.128033951    
  0.610000134     -0.132462293    
  0.612000108     -0.136865258    
  0.614000082     -0.141242936    
  0.616000056     -0.145594716    
  0.618000031     -0.149920449    
  0.620000124     -0.154219776    
  0.622000098     -0.158491954    
  0.624000072     -0.162736729    
  0.626000047     -0.166953593    
  0.628000021     -0.171142638    
  0.630000114     -0.175303131    
  0.632000089     -0.179434463    
  0.634000063     -0.183536574    
  0.636000037     -0.187608823    
  0.638000131     -0.191651285    
  0.640000105     -0.195662841    
  0.642000079     -0.199643269    
  0.644000053     -0.203592435    
  0.646000028     -0.207509920    
  0.648000121     -0.211395174    
  0.650000095     -0.215247899    
  0.652000070     -0.219067454    
  0.654000044     -0.222853452    
  0.656000137     -0.226606280    
  0.658000112     -0.230324179    
  0.660000086     -0.234007478    
  0.662000060     -0.237655818    
  0.664000034     -0.241268218    
  0.666000128     -0.244845152    
  0.668000102     -0.248385757    
  0.670000076     -0.251889437    
  0.672000051     -0.255355537    
  0.674000025     -0.258784324    
  0.676000118     -0.262175024    
  0.678000093     -0.265527278    
  0.680000067     -0.268840194    
  0.682000041     -0.272114068    
  0.684000134     -0.275348157    
  0.686000109     -0.278542012    
  0.688000083     -0.281694800    
  0.690000057     -0.284806877    
  0.692000031     -0.287877530    
  0.694000125     -0.290905863    
  0.696000099     -0.293891609    
  0.698000073     -0.296834826    
  0.700000048     -0.299734861    
  0.702000022     -0.302590489    
  0.704000115     -0.305402875    
  0.706000090     -0.308169633    
  0.708000064     -0.310891956    
  0.710000038     -0.313568264    
  0.712000132     -0.316198587    
  0.714000106     -0.318782747    
  0.716000080     -0.321319848    
  0.718000054     -0.323809445    
  0.720000029     -0.326251328    
  0.722000122     -0.328644931    
  0.724000096     -0.330990046    
  0.726000071     -0.333285809    
  0.728000045     -0.335531324    
  0.730000138     -0.337727398    
  0.732000113     -0.339872688    
  0.734000087     -0.341966540    
  0.736000061     -0.344009459    
  0.738000035     -0.346000046    
  0.740000129     -0.347938448    
  0.742000103     -0.349823862    
  0.744000077     -0.351655513    
  0.746000051     -0.353433669    
  0.748000026     -0.355157375    
  0.750000119     -0.356825680    
  0.752000093     -0.358439475    
  0.754000068     -0.359997153    
  0.756000042     -0.361498415    
  0.758000135     -0.362943649    
  0.760000110     -0.364330709    
  0.762000084     -0.365660697    
  0.764000058     -0.366932362    
  0.766000032     -0.368145198    
  0.768000126     -0.369298875    
  0.770000100     -0.370393157    
  0.772000074     -0.371427208    
  0.774000049     -0.372400194    
  0.776000142     -0.373312563    
  0.778000116     -0.374163091    
  0.780000091     -0.374951601    
  0.782000065     -0.375677139    
  0.784000039     -0.376340240    
  0.786000133     -0.376939207    
  0.788000107     -0.377474606    
  0.790000081     -0.377944976    
  0.792000055     -0.378350139    
  0.794000030     -0.378689796    
  0.796000123     -0.378963590    
  0.798000097     -0.379170239    
  0.800000072     -0.379310191    
  0.802000046     -0.379382372    
  0.804000139     -0.379386634    
  0.806000113     -0.379321992    
  0.808000088     -0.379188061    
  0.810000062     -0.378984571    
  0.812000036     -0.378711015    
  0.814000130     -0.378366143    
  0.816000104     -0.377950698    
  0.818000078     -0.377463549    
  0.820000052     -0.376903474    
  0.822000146     -0.376271427    
  0.824000120     -0.375565499    
  0.826000094     -0.374785900    
  0.828000069     -0.373932064    
  0.830000043     -0.373002946    
  0.832000136     -0.371998608    
  0.834000111     -0.370918661    
  0.836000085     -0.369761527    
  0.838000059     -0.368527800    
  0.840000033     -0.367216676    
  0.842000127     -0.365827471    
  0.844000101     -0.364359647    
  0.846000075     -0.362812251    
  0.848000050     -0.361185610    
  0.850000143     -0.359478384    
  0.852000117     -0.357690185    
  0.854000092     -0.355821699    
  0.856000066     -0.353870332    
  0.858000040     -0.351836711    
  0.860000134     -0.349720925    
  0.862000108     -0.347520620    
  0.864000082     -0.345236957    
  0.866000056     -0.342868865    
  0.868000031     -0.340414912    
  0.870000124     -0.337876081    
  0.872000098     -0.335250169    
  0.874000072     -0.332537323    
  0.876000047     -0.329738498    
  0.878000140     -0.326850176    
  0.880000114     -0.323874384    
  0.882000089     -0.320809692    
  0.884000063     -0.317654639    
  0.886000037     -0.314409971    
  0.888000131     -0.311074108    
  0.890000105     -0.307647705    
  0.892000079     -0.304129303    
  0.894000053     -0.300517708    
  0.896000147     -0.296813369    
  0.898000121     -0.293016165    
  0.900000095     -0.289124399    
  0.902000070     -0.285137773    
  0.904000044     -0.281056404    
  0.906000137     -0.276878744    
  0.908000112     -0.272604793    
  0.910000086     -0.268233597    
  0.912000060     -0.263765395    
  0.914000034     -0.259198487    
  0.916000128     -0.254532814    
  0.918000102     -0.249768257    
  0.920000076     -0.244903564    
  0.922000051     -0.239938587    
  0.924000144     -0.234872162    
  0.926000118     -0.229704082    
  0.928000093     -0.224434316    
  0.930000067     -0.219061196    
  0.932000041     -0.213585168    
  0.934000134     -0.208004281    
  0.936000109     -0.202319279    
  0.938000083     -0.196528897    
  0.940000057     -0.190633193    
  0.942000151     -0.184630275    
  0.944000125     -0.178520828    
  0.946000099     -0.172303617    
  0.948000073     -0.165978715    
  0.950000048     -0.159544483    
  0.952000141     -0.153000712    
  0.954000115     -0.146347031    
  0.956000090     -0.139583245    
  0.958000064     -0.132707730    
  0.960000038     -0.125720501    
  0.962000132     -0.118620411    
  0.964000106     -0.111408055    
  0.966000080     -0.104081482    
  0.968000054      -9.66407955E-02
  0.970000148      -8.90847296E-02
  0.972000122      -8.14135969E-02
  0.974000096      -7.36265033E-02
  0.976000071      -6.57225102E-02
  0.978000045      -5.77008910E-02
  0.980000138      -4.95611764E-02
  0.982000113      -4.13029827E-02
  0.984000087      -3.29256840E-02
  0.986000061      -2.44286992E-02
  0.988000035      -1.58106834E-02
  0.990000129      -7.07138702E-03
  0.992000103       1.78882480E-03
  0.994000077       1.07719842E-02
  0.996000051       1.98783185E-02
  0.998000145       2.91084722E-02
   1.00000000       3.84617187E-02
