  -1.00000000       3.84616442E-02
 -0.998000026       3.52170654E-02
 -0.995999992       3.20354626E-02
 -0.994000018       2.89165191E-02
 -0.991999984       2.58606877E-02
 -0.990000010       2.28668191E-02
 -0.987999976       1.99345984E-02
 -0.986000001       1.70644764E-02
 -0.984000027       1.42548960E-02
 -0.981999993       1.15059577E-02
 -0.980000019       8.81805457E-03
 -0.977999985       6.18975237E-03
 -0.976000011       3.62185389E-03
 -0.973999977       1.11281872E-03
 -0.972000003      -1.33643672E-03
 -0.970000029      -3.72713059E-03
 -0.967999995      -6.05948642E-03
 -0.966000021      -8.33349675E-03
 -0.963999987      -1.05495192E-02
 -0.962000012      -1.27086006E-02
 -0.959999979      -1.48099624E-02
 -0.958000004      -1.68550834E-02
 -0.955999970      -1.88430734E-02
 -0.953999996      -2.07755230E-02
 -0.952000022      -2.26515085E-02
 -0.949999988      -2.44725607E-02
 -0.948000014      -2.62378119E-02
 -0.945999980      -2.79487707E-02
 -0.944000006      -2.96046250E-02
 -0.941999972      -3.12067829E-02
 -0.939999998      -3.27544771E-02
 -0.938000023      -3.42487805E-02
 -0.935999990      -3.56899984E-02
 -0.934000015      -3.70781161E-02
 -0.931999981      -3.84137668E-02
 -0.930000007      -3.96969505E-02
 -0.927999973      -4.09286879E-02
 -0.925999999      -4.21077944E-02
 -0.924000025      -4.32365499E-02
 -0.921999991      -4.43136357E-02
 -0.920000017      -4.53402437E-02
 -0.917999983      -4.63162251E-02
 -0.916000009      -4.72423099E-02
 -0.913999975      -4.81184237E-02
 -0.912000000      -4.89452742E-02
 -0.909999967      -4.97227646E-02
 -0.907999992      -5.04516400E-02
 -0.906000018      -5.11321016E-02
 -0.903999984      -5.17638437E-02
 -0.902000010      -5.23482226E-02
 -0.899999976      -5.28844111E-02
 -0.898000002      -5.33738993E-02
 -0.896000028      -5.38158230E-02
 -0.893999994      -5.42116202E-02
 -0.892000020      -5.45605011E-02
 -0.889999986      -5.48638366E-02
 -0.888000011      -5.51212765E-02
 -0.885999978      -5.53330220E-02
 -0.884000003      -5.54998182E-02
 -0.881999969      -5.56219183E-02
 -0.879999995      -5.56989051E-02
 -0.878000021      -5.57322465E-02
 -0.875999987      -5.57213835E-02
 -0.874000013      -5.56667559E-02
 -0.871999979      -5.55689149E-02
 -0.870000005      -5.54278307E-02
 -0.868000031      -5.52442111E-02
 -0.865999997      -5.50179221E-02
 -0.863999963      -5.47499917E-02
 -0.861999989      -5.44396974E-02
 -0.860000014      -5.40880002E-02
 -0.857999980      -5.36948405E-02
 -0.856000006      -5.32608591E-02
 -0.853999972      -5.27860187E-02
 -0.851999998      -5.22713400E-02
 -0.850000024      -5.17159663E-02
 -0.847999990      -5.11210151E-02
 -0.845999956      -5.04863150E-02
 -0.843999982      -4.98125590E-02
 -0.842000008      -4.90997322E-02
 -0.839999974      -4.83487062E-02
 -0.838000000      -4.75588255E-02
 -0.835999966      -4.67309989E-02
 -0.833999991      -4.58652042E-02
 -0.832000017      -4.49624695E-02
 -0.829999983      -4.40219305E-02
 -0.828000009      -4.30446304E-02
 -0.825999975      -4.20305170E-02
 -0.824000001      -4.09801714E-02
 -0.822000027      -3.98939215E-02
 -0.819999993      -3.87716703E-02
 -0.817999959      -3.76140289E-02
 -0.815999985      -3.64206918E-02
 -0.814000010      -3.51928510E-02
 -0.811999977      -3.39301415E-02
 -0.810000002      -3.26331891E-02
 -0.807999969      -3.13015692E-02
 -0.805999994      -2.99366526E-02
 -0.804000020      -2.85382234E-02
 -0.801999986      -2.71060430E-02
 -0.800000012      -2.56409906E-02
 -0.797999978      -2.41429694E-02
 -0.796000004      -2.26130076E-02
 -0.793999970      -2.10502632E-02
 -0.791999996      -1.94557942E-02
 -0.789999962      -1.78294703E-02
 -0.787999988      -1.61721893E-02
 -0.786000013      -1.44833438E-02
 -0.783999979      -1.27637424E-02
 -0.782000005      -1.10137500E-02
 -0.779999971      -9.23322886E-03
 -0.777999997      -7.42248446E-03
 -0.776000023      -5.58245927E-03
 -0.773999989      -3.71238217E-03
 -0.771999955      -1.81322172E-03
 -0.769999981       1.14779919E-04
 -0.768000007       2.07169726E-03
 -0.765999973       4.05723229E-03
 -0.763999999       6.07051328E-03
 -0.761999965       8.11223686E-03
 -0.759999990       1.01814587E-02
 -0.758000016       1.22779906E-02
 -0.755999982       1.44018512E-02
 -0.754000008       1.65524390E-02
 -0.751999974       1.87298767E-02
 -0.750000000       2.09335107E-02
 -0.748000026       2.31634937E-02
 -0.745999992       2.54191719E-02
 -0.743999958       2.77009346E-02
 -0.741999984       3.00076343E-02
 -0.740000010       3.23395841E-02
 -0.737999976       3.46962772E-02
 -0.736000001       3.70777100E-02
 -0.733999968       3.94833684E-02
 -0.731999993       4.19133008E-02
 -0.730000019       4.43669036E-02
 -0.727999985       4.68443111E-02
 -0.725999951       4.93449233E-02
 -0.723999977       5.18690720E-02
 -0.722000003       5.44153675E-02
 -0.720000029       5.69847003E-02
 -0.717999995       5.95765784E-02
 -0.715999961       6.21901341E-02
 -0.713999987       6.48259968E-02
 -0.712000012       6.74830675E-02
 -0.709999979       7.01619759E-02
 -0.707999945       7.28615820E-02
 -0.705999970       7.55825490E-02
 -0.703999996       7.83237144E-02
 -0.702000022       8.10857713E-02
 -0.699999988       8.38675722E-02
 -0.697999954       8.66697282E-02
 -0.695999980       8.94911885E-02
 -0.694000006       9.23325270E-02
 -0.691999972       9.51926708E-02
 -0.689999998       9.80719551E-02
 -0.687999964      0.100970119    
 -0.685999990      0.103886694    
 -0.684000015      0.106821656    
 -0.681999981      0.109774560    
 -0.679999948      0.112745419    
 -0.677999973      0.115733713    
 -0.675999999      0.118739501    
 -0.674000025      0.121762276    
 -0.671999991      0.124802083    
 -0.669999957      0.127858400    
 -0.667999983      0.130931288    
 -0.666000009      0.134020254    
 -0.663999975      0.137125328    
 -0.661999941      0.140246004    
 -0.659999967      0.143382341    
 -0.657999992      0.146533847    
 -0.656000018      0.149700284    
 -0.653999984      0.152881682    
 -0.651999950      0.156078115    
 -0.649999976      0.159288287    
 -0.648000002      0.162513018    
 -0.646000028      0.165751576    
 -0.643999994      0.169003725    
 -0.641999960      0.172269791    
 -0.639999986      0.175548762    
 -0.638000011      0.178841189    
 -0.635999978      0.182146072    
 -0.633999944      0.185463995    
 -0.631999969      0.188793927    
 -0.629999995      0.192136213    
 -0.628000021      0.195490345    
 -0.625999987      0.198856637    
 -0.623999953      0.202234104    
 -0.621999979      0.205623299    
 -0.620000005      0.209023237    
 -0.617999971      0.212434232    
 -0.615999997      0.215856031    
 -0.613999963      0.219288230    
 -0.611999989      0.222730577    
 -0.610000014      0.226183146    
 -0.607999980      0.229645699    
 -0.605999947      0.233117759    
 -0.603999972      0.236599416    
 -0.601999998      0.240089938    
 -0.600000024      0.243589878    
 -0.597999990      0.247098535    
 -0.595999956      0.250615925    
 -0.593999982      0.254141629    
 -0.592000008      0.257675409    
 -0.589999974      0.261217356    
 -0.587999940      0.264767230    
 -0.585999966      0.268324584    
 -0.583999991      0.271889269    
 -0.582000017      0.275461525    
 -0.579999983      0.279040396    
 -0.577999949      0.282626212    
 -0.575999975      0.286218554    
 -0.574000001      0.289817393    
 -0.571999967      0.293422610    
 -0.569999993      0.297033459    
 -0.567999959      0.300650537    
 -0.565999985      0.304273158    
 -0.564000010      0.307901293    
 -0.561999977      0.311534345    
 -0.559999943      0.315172791    
 -0.557999969      0.318815976    
 -0.555999994      0.322463989    
 -0.554000020      0.326116145    
 -0.551999986      0.329772681    
 -0.549999952      0.333433717    
 -0.547999978      0.337098271    
 -0.546000004      0.340766728    
 -0.543999970      0.344438553    
 -0.541999936      0.348114073    
 -0.539999962      0.351792485    
 -0.537999988      0.355473965    
 -0.536000013      0.359158158    
 -0.533999979      0.362845272    
 -0.531999946      0.366534263    
 -0.529999971      0.370226085    
 -0.527999997      0.373919636    
 -0.525999963      0.377615213    
 -0.523999989      0.381312311    
 -0.521999955      0.385011345    
 -0.519999981      0.388711423    
 -0.518000007      0.392412513    
 -0.515999973      0.396114975    
 -0.513999939      0.399818093    
 -0.511999965      0.403521746    
 -0.509999990      0.407226056    
 -0.508000016      0.410930485    
 -0.505999982      0.414635152    
 -0.503999949      0.418339849    
 -0.501999974      0.422044039    
 -0.500000000      0.425747931    
 -0.497999966      0.429451346    
 -0.495999992      0.433153957    
 -0.493999958      0.436855704    
 -0.491999984      0.440556318    
 -0.489999950      0.444255769    
 -0.487999976      0.447953671    
 -0.486000001      0.451650202    
 -0.483999968      0.455344766    
 -0.481999993      0.459037542    
 -0.479999959      0.462728381    
 -0.477999985      0.466416597    
 -0.475999951      0.470102727    
 -0.473999977      0.473786056    
 -0.472000003      0.477466911    
 -0.469999969      0.481144577    
 -0.467999995      0.484819472    
 -0.465999961      0.488490820    
 -0.463999987      0.492159009    
 -0.461999953      0.495823801    
 -0.459999979      0.499484539    
 -0.457999945      0.503141880    
 -0.455999970      0.506794631    
 -0.453999996      0.510443866    
 -0.451999962      0.514088333    
 -0.449999988      0.517728567    
 -0.447999954      0.521364033    
 -0.445999980      0.524994493    
 -0.443999946      0.528620362    
 -0.441999972      0.532240987    
 -0.439999998      0.535856485    
 -0.437999964      0.539466500    
 -0.435999990      0.543071032    
 -0.433999956      0.546669841    
 -0.431999981      0.550262868    
 -0.429999948      0.553849757    
 -0.427999973      0.557430744    
 -0.425999999      0.561005175    
 -0.423999965      0.564573467    
 -0.421999991      0.568134904    
 -0.419999957      0.571689904    
 -0.417999983      0.575237870    
 -0.415999949      0.578778923    
 -0.413999975      0.582312703    
 -0.412000000      0.585839152    
 -0.409999967      0.589358389    
 -0.407999992      0.592869937    
 -0.405999959      0.596373856    
 -0.403999984      0.599869847    
 -0.401999950      0.603357852    
 -0.399999976      0.606837690    
 -0.397999942      0.610309422    
 -0.395999968      0.613772511    
 -0.393999994      0.617227256    
 -0.391999960      0.620673358    
 -0.389999986      0.624110460    
 -0.387999952      0.627538919    
 -0.385999978      0.630957961    
 -0.383999944      0.634368062    
 -0.381999969      0.637768745    
 -0.379999995      0.641159832    
 -0.377999961      0.644541562    
 -0.375999987      0.647913337    
 -0.373999953      0.651275516    
 -0.371999979      0.654627502    
 -0.369999945      0.657969475    
 -0.367999971      0.661301196    
 -0.365999997      0.664622545    
 -0.363999963      0.667933404    
 -0.361999989      0.671233714    
 -0.359999955      0.674523175    
 -0.357999980      0.677801907    
 -0.355999947      0.681069553    
 -0.353999972      0.684326112    
 -0.351999998      0.687571466    
 -0.349999964      0.690805376    
 -0.347999990      0.694027841    
 -0.345999956      0.697238982    
 -0.343999982      0.700437903    
 -0.341999948      0.703625560    
 -0.339999974      0.706800878    
 -0.337999940      0.709964335    
 -0.335999966      0.713115573    
 -0.333999991      0.716254532    
 -0.331999958      0.719381094    
 -0.329999983      0.722495079    
 -0.327999949      0.725596428    
 -0.325999975      0.728685260    
 -0.323999941      0.731760979    
 -0.321999967      0.734823942    
 -0.319999993      0.737873435    
 -0.317999959      0.740910232    
 -0.315999985      0.743933499    
 -0.313999951      0.746943355    
 -0.311999977      0.749939799    
 -0.309999943      0.752922595    
 -0.307999969      0.755891502    
 -0.305999994      0.758846641    
 -0.303999960      0.761788011    
 -0.301999986      0.764715195    
 -0.299999952      0.767628431    
 -0.297999978      0.770527065    
 -0.295999944      0.773411691    
 -0.293999970      0.776281595    
 -0.291999996      0.779137194    
 -0.289999962      0.781978011    
 -0.287999988      0.784804046    
 -0.285999954      0.787615418    
 -0.283999979      0.790411651    
 -0.281999946      0.793192983    
 -0.279999971      0.795959115    
 -0.277999938      0.798709989    
 -0.275999963      0.801445544    
 -0.273999989      0.804165542    
 -0.271999955      0.806870222    
 -0.269999981      0.809559166    
 -0.267999947      0.812232494    
 -0.265999973      0.814889967    
 -0.263999939      0.817531586    
 -0.261999965      0.820157170    
 -0.259999990      0.822766781    
 -0.257999957      0.825360119    
 -0.255999982      0.827937305    
 -0.253999949      0.830498040    
 -0.251999974      0.833042502    
 -0.249999940      0.835570514    
 -0.247999966      0.838081658    
 -0.245999992      0.840576291    
 -0.243999958      0.843054175    
 -0.241999984      0.845515072    
 -0.239999950      0.847959220    
 -0.237999976      0.850386083    
 -0.235999942      0.852796078    
 -0.233999968      0.855188847    
 -0.231999993      0.857564330    
 -0.229999959      0.859922528    
 -0.227999985      0.862263262    
 -0.225999951      0.864586532    
 -0.223999977      0.866892219    
 -0.221999943      0.869180202    
 -0.219999969      0.871450603    
 -0.217999935      0.873703122    
 -0.215999961      0.875937700    
 -0.213999987      0.878154337    
 -0.211999953      0.880353093    
 -0.209999979      0.882533669    
 -0.207999945      0.884696066    
 -0.205999970      0.886840224    
 -0.203999937      0.888966143    
 -0.201999962      0.891073465    
 -0.199999988      0.893162549    
 -0.197999954      0.895233095    
 -0.195999980      0.897284925    
 -0.193999946      0.899318278    
 -0.191999972      0.901332736    
 -0.189999938      0.903328538    
 -0.187999964      0.905305386    
 -0.185999990      0.907263339    
 -0.183999956      0.909202516    
 -0.181999981      0.911122262    
 -0.179999948      0.913023293    
 -0.177999973      0.914904892    
 -0.175999939      0.916767418    
 -0.173999965      0.918610513    
 -0.171999931      0.920434415    
 -0.169999957      0.922238767    
 -0.167999983      0.924023628    
 -0.165999949      0.925789058    
 -0.163999975      0.927534938    
 -0.161999941      0.929261148    
 -0.159999967      0.930967629    
 -0.157999933      0.932654440    
 -0.155999959      0.934321284    
 -0.153999984      0.935968459    
 -0.151999950      0.937595606    
 -0.149999976      0.939202845    
 -0.147999942      0.940790117    
 -0.145999968      0.942357183    
 -0.143999934      0.943904281    
 -0.141999960      0.945431054    
 -0.139999986      0.946937621    
 -0.137999952      0.948424160    
 -0.135999978      0.949890137    
 -0.133999944      0.951335907    
 -0.131999969      0.952761173    
 -0.129999936      0.954166055    
 -0.127999961      0.955550551    
 -0.125999987      0.956914246    
 -0.123999953      0.958257556    
 -0.121999979      0.959580183    
 -0.119999945      0.960882068    
 -0.117999971      0.962163448    
 -0.115999937      0.963423967    
 -0.113999963      0.964663684    
 -0.111999929      0.965882659    
 -0.109999955      0.967080593    
 -0.107999980      0.968257785    
 -0.105999947      0.969413936    
 -0.103999972      0.970549166    
 -0.101999938      0.971663415    
  -9.99999642E-02  0.972756505    
  -9.79999304E-02  0.973828614    
  -9.59999561E-02  0.974879622    
  -9.39999819E-02  0.975909352    
  -9.19999480E-02  0.976918042    
  -8.99999738E-02  0.977905393    
  -8.79999399E-02  0.978871584    
  -8.59999657E-02  0.979816437    
  -8.39999318E-02  0.980740011    
  -8.19999576E-02  0.981642365    
  -7.99999833E-02  0.982523143    
  -7.79999495E-02  0.983382642    
  -7.59999752E-02  0.984220743    
  -7.39999413E-02  0.985037386    
  -7.19999671E-02  0.985832691    
  -6.99999332E-02  0.986606240    
  -6.79999590E-02  0.987358391    
  -6.59999847E-02  0.988088965    
  -6.39999509E-02  0.988798022    
  -6.19999766E-02  0.989485562    
  -5.99999428E-02  0.990151346    
  -5.79999685E-02  0.990795672    
  -5.59999347E-02  0.991418242    
  -5.39999604E-02  0.992018998    
  -5.19999266E-02  0.992598295    
  -4.99999523E-02  0.993155837    
  -4.79999781E-02  0.993691683    
  -4.59999442E-02  0.994205654    
  -4.39999700E-02  0.994697869    
  -4.19999361E-02  0.995168447    
  -3.99999619E-02  0.995617092    
  -3.79999280E-02  0.996044040    
  -3.59999537E-02  0.996449292    
  -3.39999795E-02  0.996832430    
  -3.19999456E-02  0.997193992    
  -2.99999714E-02  0.997533560    
  -2.79999375E-02  0.997851312    
  -2.59999633E-02  0.998147249    
  -2.39999294E-02  0.998421133    
  -2.19999552E-02  0.998673260    
  -1.99999809E-02  0.998903453    
  -1.79999471E-02  0.999111772    
  -1.59999728E-02  0.999298215    
  -1.39999390E-02  0.999462724    
  -1.19999647E-02  0.999605298    
  -9.99993086E-03  0.999725878    
  -7.99995661E-03  0.999824524    
  -5.99998236E-03  0.999901414    
  -3.99994850E-03  0.999956191    
  -1.99997425E-03  0.999989092    
   0.00000000       1.00000000    
   2.00009346E-03  0.999989033    
   4.00006771E-03  0.999956191    
   6.00004196E-03  0.999901354    
   8.00001621E-03  0.999824584    
   9.99999046E-03  0.999725938    
   1.20000839E-02  0.999605238    
   1.40000582E-02  0.999462724    
   1.60000324E-02  0.999298155    
   1.80000067E-02  0.999111772    
   2.00001001E-02  0.998903513    
   2.20000744E-02  0.998673260    
   2.40000486E-02  0.998421252    
   2.60000229E-02  0.998147249    
   2.79999971E-02  0.997851253    
   3.00000906E-02  0.997533500    
   3.20000648E-02  0.997193933    
   3.40000391E-02  0.996832490    
   3.60000134E-02  0.996449232    
   3.80001068E-02  0.996044040    
   4.00000811E-02  0.995617092    
   4.20000553E-02  0.995168388    
   4.40000296E-02  0.994697869    
   4.60000038E-02  0.994205654    
   4.80000973E-02  0.993691564    
   5.00000715E-02  0.993155658    
   5.20000458E-02  0.992598236    
   5.40000200E-02  0.992019057    
   5.59999943E-02  0.991418123    
   5.80000877E-02  0.990795553    
   6.00000620E-02  0.990151286    
   6.20000362E-02  0.989485443    
   6.40000105E-02  0.988798022    
   6.60001040E-02  0.988088906    
   6.80000782E-02  0.987358272    
   7.00000525E-02  0.986606181    
   7.20000267E-02  0.985832512    
   7.40000010E-02  0.985037386    
   7.60000944E-02  0.984220624    
   7.80000687E-02  0.983382523    
   8.00000429E-02  0.982523143    
   8.20000172E-02  0.981642246    
   8.40001106E-02  0.980739951    
   8.60000849E-02  0.979816318    
   8.80000591E-02  0.978871465    
   9.00000334E-02  0.977905273    
   9.20000076E-02  0.976917922    
   9.40001011E-02  0.975909173    
   9.60000753E-02  0.974879444    
   9.80000496E-02  0.973828495    
  0.100000024      0.972756505    
  0.101999998      0.971663356    
  0.104000092      0.970549047    
  0.106000066      0.969413817    
  0.108000040      0.968257666    
  0.110000014      0.967080474    
  0.112000108      0.965882361    
  0.114000082      0.964663506    
  0.116000056      0.963423848    
  0.118000031      0.962163270    
  0.120000005      0.960882068    
  0.122000098      0.959580004    
  0.124000072      0.958257496    
  0.126000047      0.956914127    
  0.128000021      0.955550373    
  0.129999995      0.954166055    
  0.132000089      0.952761054    
  0.134000063      0.951335788    
  0.136000037      0.949890137    
  0.138000011      0.948424041    
  0.140000105      0.946937501    
  0.142000079      0.945430934    
  0.144000053      0.943904042    
  0.146000028      0.942357183    
  0.148000002      0.940789998    
  0.150000095      0.939202726    
  0.152000070      0.937595487    
  0.154000044      0.935968280    
  0.156000018      0.934321225    
  0.158000112      0.932654262    
  0.160000086      0.930967510    
  0.162000060      0.929260969    
  0.164000034      0.927534819    
  0.166000009      0.925788939    
  0.168000102      0.924023449    
  0.170000076      0.922238588    
  0.172000051      0.920434237    
  0.174000025      0.918610454    
  0.175999999      0.916767240    
  0.178000093      0.914904714    
  0.180000067      0.913023055    
  0.182000041      0.911122262    
  0.184000015      0.909202278    
  0.186000109      0.907263219    
  0.188000083      0.905305266    
  0.190000057      0.903328359    
  0.192000031      0.901332557    
  0.194000006      0.899318159    
  0.196000099      0.897284746    
  0.198000073      0.895232856    
  0.200000048      0.893162370    
  0.202000022      0.891073406    
  0.204000115      0.888965845    
  0.206000090      0.886839986    
  0.208000064      0.884695888    
  0.210000038      0.882533491    
  0.212000012      0.880352974    
  0.214000106      0.878154159    
  0.216000080      0.875937581    
  0.218000054      0.873702943    
  0.220000029      0.871450365    
  0.222000003      0.869180143    
  0.224000096      0.866891980    
  0.226000071      0.864586353    
  0.228000045      0.862263143    
  0.230000019      0.859922349    
  0.232000113      0.857564151    
  0.234000087      0.855188668    
  0.236000061      0.852795899    
  0.238000035      0.850385964    
  0.240000010      0.847958982    
  0.242000103      0.845514834    
  0.244000077      0.843053877    
  0.246000051      0.840576053    
  0.248000026      0.838081539    
  0.250000000      0.835570216    
  0.252000093      0.833042324    
  0.254000068      0.830497861    
  0.256000042      0.827937245    
  0.258000016      0.825360060    
  0.260000110      0.822766602    
  0.262000084      0.820156991    
  0.264000058      0.817531407    
  0.266000032      0.814889848    
  0.268000007      0.812232435    
  0.270000100      0.809558988    
  0.272000074      0.806870043    
  0.274000049      0.804165423    
  0.276000023      0.801445365    
  0.278000116      0.798709691    
  0.280000091      0.795958817    
  0.282000065      0.793192744    
  0.284000039      0.790411532    
  0.286000013      0.787615240    
  0.288000107      0.784803987    
  0.290000081      0.781977832    
  0.292000055      0.779137015    
  0.294000030      0.776281595    
  0.296000004      0.773411572    
  0.298000097      0.770526946    
  0.300000072      0.767628074    
  0.302000046      0.764715075    
  0.304000020      0.761787832    
  0.306000113      0.758846402    
  0.308000088      0.755891263    
  0.310000062      0.752922297    
  0.312000036      0.749939561    
  0.314000010      0.746943295    
  0.316000104      0.743933260    
  0.318000078      0.740909994    
  0.320000052      0.737873435    
  0.322000027      0.734823704    
  0.324000120      0.731760740    
  0.326000094      0.728684962    
  0.328000069      0.725596368    
  0.330000043      0.722494960    
  0.332000017      0.719381034    
  0.334000111      0.716254294    
  0.336000085      0.713115394    
  0.338000059      0.709964156    
  0.340000033      0.706800759    
  0.342000008      0.703625381    
  0.344000101      0.700437844    
  0.346000075      0.697238684    
  0.348000050      0.694027722    
  0.350000024      0.690805256    
  0.352000117      0.687571108    
  0.354000092      0.684325874    
  0.356000066      0.681069314    
  0.358000040      0.677801728    
  0.360000014      0.674523056    
  0.362000108      0.671233416    
  0.364000082      0.667933226    
  0.366000056      0.664622366    
  0.368000031      0.661301076    
  0.370000124      0.657969236    
  0.372000098      0.654627264    
  0.374000072      0.651275277    
  0.376000047      0.647913277    
  0.378000021      0.644541502    
  0.380000114      0.641159654    
  0.382000089      0.637768447    
  0.384000063      0.634367883    
  0.386000037      0.630957842    
  0.388000011      0.627538741    
  0.390000105      0.624110222    
  0.392000079      0.620673060    
  0.394000053      0.617227137    
  0.396000028      0.613772452    
  0.398000121      0.610309005    
  0.400000095      0.606837451    
  0.402000070      0.603357613    
  0.404000044      0.599869609    
  0.406000018      0.596373737    
  0.408000112      0.592869639    
  0.410000086      0.589358151    
  0.412000060      0.585839093    
  0.414000034      0.582312584    
  0.416000009      0.578778744    
  0.418000102      0.575237572    
  0.420000076      0.571689606    
  0.422000051      0.568134785    
  0.424000025      0.564573288    
  0.426000118      0.561004996    
  0.428000093      0.557430446    
  0.430000067      0.553849638    
  0.432000041      0.550262630    
  0.434000015      0.546669781    
  0.436000109      0.543070793    
  0.438000083      0.539466321    
  0.440000057      0.535856307    
  0.442000031      0.532240868    
  0.444000125      0.528620124    
  0.446000099      0.524994373    
  0.448000073      0.521363676    
  0.450000048      0.517728269    
  0.452000022      0.514088273    
  0.454000115      0.510443509    
  0.456000090      0.506794572    
  0.458000064      0.503141582    
  0.460000038      0.499484539    
  0.462000012      0.495823622    
  0.464000106      0.492158860    
  0.466000080      0.488490731    
  0.468000054      0.484819204    
  0.470000029      0.481144518    
  0.472000122      0.477466583    
  0.474000096      0.473785907    
  0.476000071      0.470102519    
  0.478000045      0.466416568    
  0.480000019      0.462728173    
  0.482000113      0.459037334    
  0.484000087      0.455344647    
  0.486000061      0.451649994    
  0.488000035      0.447953641    
  0.490000129      0.444255471    
  0.492000103      0.440556109    
  0.494000077      0.436855465    
  0.496000051      0.433153808    
  0.498000026      0.429451197    
  0.500000119      0.425747633    
  0.502000093      0.422043711    
  0.504000068      0.418339401    
  0.506000042      0.414634883    
  0.508000016      0.410930276    
  0.510000110      0.407225579    
  0.512000084      0.403521448    
  0.514000058      0.399817705    
  0.516000032      0.396114647    
  0.518000126      0.392412186    
  0.520000100      0.388710916    
  0.522000074      0.385010868    
  0.524000049      0.381312102    
  0.526000023      0.377614945    
  0.528000116      0.373919219    
  0.530000091      0.370225638    
  0.532000065      0.366534114    
  0.534000039      0.362844825    
  0.536000013      0.359158009    
  0.538000107      0.355473578    
  0.540000081      0.351792157    
  0.542000055      0.348113716    
  0.544000030      0.344438463    
  0.546000123      0.340766370    
  0.548000097      0.337098002    
  0.550000072      0.333433360    
  0.552000046      0.329772651    
  0.554000020      0.326116025    
  0.556000113      0.322463512    
  0.558000088      0.318815678    
  0.560000062      0.315172523    
  0.562000036      0.311534256    
  0.564000130      0.307900816    
  0.566000104      0.304272830    
  0.568000078      0.300650299    
  0.570000052      0.297033370    
  0.572000027      0.293422341    
  0.574000120      0.289817065    
  0.576000094      0.286218256    
  0.578000069      0.282625884    
  0.580000043      0.279040098    
  0.582000017      0.275461107    
  0.584000111      0.271888942    
  0.586000085      0.268324196    
  0.588000059      0.264766932    
  0.590000033      0.261217207    
  0.592000127      0.257675081    
  0.594000101      0.254141212    
  0.596000075      0.250615537    
  0.598000050      0.247098312    
  0.600000024      0.243589699    
  0.602000117      0.240089685    
  0.604000092      0.236598983    
  0.606000066      0.233117476    
  0.608000040      0.229645431    
  0.610000134      0.226182818    
  0.612000108      0.222730309    
  0.614000082      0.219287857    
  0.616000056      0.215855703    
  0.618000031      0.212434024    
  0.620000124      0.209022865    
  0.622000098      0.205622822    
  0.624000072      0.202233896    
  0.626000047      0.198856324    
  0.628000021      0.195490316    
  0.630000114      0.192135870    
  0.632000089      0.188793600    
  0.634000063      0.185463533    
  0.636000037      0.182145894    
  0.638000131      0.178840697    
  0.640000105      0.175548539    
  0.642000079      0.172269449    
  0.644000053      0.169003665    
  0.646000028      0.165751368    
  0.648000121      0.162512630    
  0.650000095      0.159288034    
  0.652000070      0.156077608    
  0.654000044      0.152881578    
  0.656000137      0.149699986    
  0.658000112      0.146533415    
  0.660000086      0.143381909    
  0.662000060      0.140245691    
  0.664000034      0.137125015    
  0.666000128      0.134019881    
  0.668000102      0.130930915    
  0.670000076      0.127858162    
  0.672000051      0.124801829    
  0.674000025      0.121762142    
  0.676000118      0.118739173    
  0.678000093      0.115733504    
  0.680000067      0.112745196    
  0.682000041      0.109774455    
  0.684000134      0.106821373    
  0.686000109      0.103886500    
  0.688000083      0.100969926    
  0.690000057       9.80718657E-02
  0.692000031       9.51925516E-02
  0.694000125       9.23320726E-02
  0.696000099       8.94909874E-02
  0.698000073       8.66693705E-02
  0.700000048       8.38674456E-02
  0.702000022       8.10854733E-02
  0.704000115       7.83235133E-02
  0.706000090       7.55821466E-02
  0.708000064       7.28614405E-02
  0.710000038       7.01616406E-02
  0.712000132       6.74828291E-02
  0.714000106       6.48255646E-02
  0.716000080       6.21899366E-02
  0.718000054       5.95761910E-02
  0.720000029       5.69845662E-02
  0.722000122       5.44151664E-02
  0.724000096       5.18685281E-02
  0.726000071       4.93447557E-02
  0.728000045       4.68440987E-02
  0.730000138       4.43666503E-02
  0.732000113       4.19129580E-02
  0.734000087       3.94831263E-02
  0.736000061       3.70774008E-02
  0.738000035       3.46960463E-02
  0.740000129       3.23391557E-02
  0.742000103       3.00072711E-02
  0.744000077       2.77005136E-02
  0.746000051       2.54191216E-02
  0.748000026       2.31633633E-02
  0.750000119       2.09333505E-02
  0.752000093       1.87296122E-02
  0.754000068       1.65522769E-02
  0.756000042       1.44015830E-02
  0.758000135       1.22776721E-02
  0.760000110       1.01810694E-02
  0.762000084       8.11189786E-03
  0.764000058       6.07041270E-03
  0.766000032       4.05687466E-03
  0.768000126       2.07142904E-03
  0.770000100       1.14586204E-04
  0.772000074      -1.81352347E-03
  0.774000049      -3.71263549E-03
  0.776000142      -5.58258966E-03
  0.778000116      -7.42290542E-03
  0.780000091      -9.23341885E-03
  0.782000065      -1.10138729E-02
  0.784000039      -1.27640069E-02
  0.786000133      -1.44836381E-02
  0.788000107      -1.61723047E-02
  0.790000081      -1.78298242E-02
  0.792000055      -1.94559619E-02
  0.794000030      -2.10504048E-02
  0.796000123      -2.26130038E-02
  0.798000097      -2.41432823E-02
  0.800000072      -2.56410874E-02
  0.802000046      -2.71061175E-02
  0.804000139      -2.85381936E-02
  0.806000113      -2.99368836E-02
  0.808000088      -3.13019864E-02
  0.810000062      -3.26332264E-02
  0.812000036      -3.39303203E-02
  0.814000130      -3.51930745E-02
  0.816000104      -3.64210568E-02
  0.818000078      -3.76140736E-02
  0.820000052      -3.87718342E-02
  0.822000146      -3.98941152E-02
  0.824000120      -4.09805514E-02
  0.826000094      -4.20308672E-02
  0.828000069      -4.30448018E-02
  0.830000043      -4.40220796E-02
  0.832000136      -4.49624844E-02
  0.834000111      -4.58656065E-02
  0.836000085      -4.67312075E-02
  0.838000059      -4.75590043E-02
  0.840000033      -4.83487360E-02
  0.842000127      -4.91001420E-02
  0.844000101      -4.98128273E-02
  0.846000075      -5.04865758E-02
  0.848000050      -5.11211045E-02
  0.850000143      -5.17161302E-02
  0.852000117      -5.22712953E-02
  0.854000092      -5.27863689E-02
  0.856000066      -5.32610379E-02
  0.858000040      -5.36950417E-02
  0.860000134      -5.40880598E-02
  0.862000108      -5.44397868E-02
  0.864000082      -5.47499545E-02
  0.866000056      -5.50182350E-02
  0.868000031      -5.52443750E-02
  0.870000124      -5.54280691E-02
  0.872000098      -5.55689670E-02
  0.874000072      -5.56668527E-02
  0.876000047      -5.57213761E-02
  0.878000140      -5.57322241E-02
  0.880000114      -5.56991510E-02
  0.882000089      -5.56218140E-02
  0.884000063      -5.54999299E-02
  0.886000037      -5.53331934E-02
  0.888000131      -5.51212765E-02
  0.890000105      -5.48639409E-02
  0.892000079      -5.45608215E-02
  0.894000053      -5.42116351E-02
  0.896000147      -5.38160540E-02
  0.898000121      -5.33738174E-02
  0.900000095      -5.28846048E-02
  0.902000070      -5.23480810E-02
  0.904000044      -5.17639704E-02
  0.906000137      -5.11319079E-02
  0.908000112      -5.04516624E-02
  0.910000086      -4.97228839E-02
  0.912000060      -4.89452742E-02
  0.914000034      -4.81185131E-02
  0.916000128      -4.72422428E-02
  0.918000102      -4.63162325E-02
  0.920000076      -4.53401394E-02
  0.922000051      -4.43136357E-02
  0.924000144      -4.32363637E-02
  0.926000118      -4.21080999E-02
  0.928000093      -4.09285016E-02
  0.930000067      -3.96972336E-02
  0.932000041      -3.84139828E-02
  0.934000134      -3.70783471E-02
  0.936000109      -3.56901698E-02
  0.938000083      -3.42490487E-02
  0.940000057      -3.27546634E-02
  0.942000151      -3.12066041E-02
  0.944000125      -2.96047218E-02
  0.946000099      -2.79486291E-02
  0.948000073      -2.62379684E-02
  0.950000048      -2.44724564E-02
  0.952000141      -2.26516202E-02
  0.954000115      -2.07753666E-02
  0.956000090      -1.88432708E-02
  0.958000064      -1.68549940E-02
  0.960000038      -1.48102194E-02
  0.962000132      -1.27084889E-02
  0.964000106      -1.05497167E-02
  0.966000080      -8.33345577E-03
  0.968000054      -6.05938211E-03
  0.970000148      -3.72701883E-03
  0.972000122      -1.33631006E-03
  0.974000096       1.11320987E-03
  0.976000071       3.62187997E-03
  0.978000045       6.19002059E-03
  0.980000138       8.81813094E-03
  0.982000113       1.15062352E-02
  0.984000087       1.42548252E-02
  0.986000061       1.70642287E-02
  0.988000035       1.99347883E-02
  0.990000129       2.28670184E-02
  0.992000103       2.58609056E-02
  0.994000077       2.89169606E-02
  0.996000051       3.20355222E-02
  0.998000145       3.52171287E-02
   1.00000000       3.84615399E-02
