  -1.00000000       3.84615399E-02
 -0.998000026       1.90943312E-02
 -0.995999992       5.68825752E-04
 -0.994000018      -1.71342827E-02
 -0.991999984      -3.40361483E-02
 -0.990000010      -5.01555018E-02
 -0.987999976      -6.55127466E-02
 -0.986000001      -8.01261216E-02
 -0.984000027      -9.40148681E-02
 -0.981999993     -0.107197881    
 -0.980000019     -0.119692564    
 -0.977999985     -0.131517589    
 -0.976000011     -0.142689824    
 -0.973999977     -0.153227195    
 -0.972000003     -0.163146093    
 -0.970000029     -0.172463596    
 -0.967999995     -0.181196362    
 -0.966000021     -0.189359978    
 -0.963999987     -0.196970835    
 -0.962000012     -0.204044104    
 -0.959999979     -0.210595399    
 -0.958000004     -0.216639519    
 -0.955999970     -0.222191513    
 -0.953999996     -0.227265567    
 -0.952000022     -0.231876135    
 -0.949999988     -0.236037314    
 -0.948000014     -0.239762634    
 -0.945999980     -0.243065804    
 -0.944000006     -0.245959759    
 -0.941999972     -0.248457789    
 -0.939999998     -0.250572443    
 -0.938000023     -0.252316296    
 -0.935999990     -0.253701717    
 -0.934000015     -0.254740596    
 -0.931999981     -0.255444825    
 -0.930000007     -0.255826056    
 -0.927999973     -0.255895436    
 -0.925999999     -0.255664259    
 -0.924000025     -0.255143404    
 -0.921999991     -0.254343569    
 -0.920000017     -0.253275245    
 -0.917999983     -0.251948595    
 -0.916000009     -0.250373840    
 -0.913999975     -0.248560727    
 -0.912000000     -0.246518940    
 -0.909999967     -0.244257808    
 -0.907999992     -0.241786838    
 -0.906000018     -0.239114910    
 -0.903999984     -0.236250848    
 -0.902000010     -0.233203381    
 -0.899999976     -0.229980946    
 -0.898000002     -0.226591974    
 -0.896000028     -0.223044395    
 -0.893999994     -0.219346195    
 -0.892000020     -0.215505213    
 -0.889999986     -0.211528823    
 -0.888000011     -0.207424656    
 -0.885999978     -0.203199744    
 -0.884000003     -0.198861316    
 -0.881999969     -0.194416061    
 -0.879999995     -0.189870968    
 -0.878000021     -0.185232446    
 -0.875999987     -0.180506736    
 -0.874000013     -0.175700381    
 -0.871999979     -0.170819253    
 -0.870000005     -0.165869504    
 -0.868000031     -0.160856858    
 -0.865999997     -0.155786648    
 -0.863999963     -0.150664657    
 -0.861999989     -0.145496324    
 -0.860000014     -0.140286714    
 -0.857999980     -0.135040730    
 -0.856000006     -0.129763603    
 -0.853999972     -0.124459803    
 -0.851999998     -0.119134322    
 -0.850000024     -0.113791496    
 -0.847999990     -0.108435541    
 -0.845999956     -0.103070945    
 -0.843999982      -9.77019519E-02
 -0.842000008      -9.23323929E-02
 -0.839999974      -8.69660676E-02
 -0.838000000      -8.16070139E-02
 -0.835999966      -7.62585700E-02
 -0.833999991      -7.09245950E-02
 -0.832000017      -6.56083524E-02
 -0.829999983      -6.03129752E-02
 -0.828000009      -5.50419874E-02
 -0.825999975      -4.97981422E-02
 -0.824000001      -4.45847400E-02
 -0.822000027      -3.94044854E-02
 -0.819999993      -3.42600159E-02
 -0.817999959      -2.91541107E-02
 -0.815999985      -2.40895264E-02
 -0.814000010      -1.90685615E-02
 -0.811999977      -1.40934214E-02
 -0.810000002      -9.16668400E-03
 -0.807999969      -4.29023430E-03
 -0.805999994       5.33539802E-04
 -0.804000020       5.30280545E-03
 -0.801999986       1.00157931E-02
 -0.800000012       1.46704055E-02
 -0.797999978       1.92651767E-02
 -0.796000004       2.37981975E-02
 -0.793999970       2.82681622E-02
 -0.791999996       3.26733217E-02
 -0.789999962       3.70125398E-02
 -0.787999988       4.12842222E-02
 -0.786000013       4.54872586E-02
 -0.783999979       4.96205911E-02
 -0.782000005       5.36828712E-02
 -0.779999971       5.76733202E-02
 -0.777999997       6.15907386E-02
 -0.776000023       6.54343516E-02
 -0.773999989       6.92034662E-02
 -0.771999955       7.28971958E-02
 -0.769999981       7.65147656E-02
 -0.768000007       8.00556540E-02
 -0.765999973       8.35193992E-02
 -0.763999999       8.69052932E-02
 -0.761999965       9.02131125E-02
 -0.759999990       9.34422761E-02
 -0.758000016       9.65925455E-02
 -0.755999982       9.96637568E-02
 -0.754000008      0.102655530    
 -0.751999974      0.105567858    
 -0.750000000      0.108400479    
 -0.748000026      0.111153424    
 -0.745999992      0.113826767    
 -0.743999958      0.116420478    
 -0.741999984      0.118934557    
 -0.740000010      0.121369243    
 -0.737999976      0.123724788    
 -0.736000001      0.126001284    
 -0.733999968      0.128199130    
 -0.731999993      0.130318522    
 -0.730000019      0.132359862    
 -0.727999985      0.134323642    
 -0.725999951      0.136210188    
 -0.723999977      0.138019979    
 -0.722000003      0.139753520    
 -0.720000029      0.141411409    
 -0.717999995      0.142994240    
 -0.715999961      0.144502595    
 -0.713999987      0.145937085    
 -0.712000012      0.147298425    
 -0.709999979      0.148587361    
 -0.707999945      0.149804622    
 -0.705999970      0.150950909    
 -0.703999996      0.152027071    
 -0.702000022      0.153033927    
 -0.699999988      0.153972387    
 -0.697999954      0.154843271    
 -0.695999980      0.155647442    
 -0.694000006      0.156385899    
 -0.691999972      0.157059580    
 -0.689999998      0.157669410    
 -0.687999964      0.158216432    
 -0.685999990      0.158701628    
 -0.684000015      0.159126043    
 -0.681999981      0.159490749    
 -0.679999948      0.159796789    
 -0.677999973      0.160045221    
 -0.675999999      0.160237208    
 -0.674000025      0.160373822    
 -0.671999991      0.160456240    
 -0.669999957      0.160485566    
 -0.667999983      0.160462976    
 -0.666000009      0.160389647    
 -0.663999975      0.160266757    
 -0.661999941      0.160095528    
 -0.659999967      0.159877151    
 -0.657999992      0.159612834    
 -0.656000018      0.159303829    
 -0.653999984      0.158951327    
 -0.651999950      0.158556655    
 -0.649999976      0.158120990    
 -0.648000002      0.157645613    
 -0.646000028      0.157131791    
 -0.643999994      0.156580791    
 -0.641999960      0.155993909    
 -0.639999986      0.155372381    
 -0.638000011      0.154717550    
 -0.635999978      0.154030651    
 -0.633999944      0.153312981    
 -0.631999969      0.152565882    
 -0.629999995      0.151790619    
 -0.628000021      0.150988504    
 -0.625999987      0.150160745    
 -0.623999953      0.149308726    
 -0.621999979      0.148433745    
 -0.620000005      0.147537082    
 -0.617999971      0.146619976    
 -0.615999997      0.145683810    
 -0.613999963      0.144729808    
 -0.611999989      0.143759295    
 -0.610000014      0.142773554    
 -0.607999980      0.141773835    
 -0.605999947      0.140761405    
 -0.603999972      0.139737606    
 -0.601999998      0.138703659    
 -0.600000024      0.137660846    
 -0.597999990      0.136610359    
 -0.595999956      0.135553509    
 -0.593999982      0.134491548    
 -0.592000008      0.133425713    
 -0.589999974      0.132357180    
 -0.587999940      0.131287202    
 -0.585999966      0.130217031    
 -0.583999991      0.129147843    
 -0.582000017      0.128080845    
 -0.579999983      0.127017185    
 -0.577999949      0.125958070    
 -0.575999975      0.124904692    
 -0.574000001      0.123858228    
 -0.571999967      0.122819752    
 -0.569999993      0.121790498    
 -0.567999959      0.120771497    
 -0.565999985      0.119763970    
 -0.564000010      0.118768975    
 -0.561999977      0.117787585    
 -0.559999943      0.116820887    
 -0.557999969      0.115870044    
 -0.555999994      0.114936024    
 -0.554000020      0.114019901    
 -0.551999986      0.113122702    
 -0.549999952      0.112245455    
 -0.547999978      0.111389190    
 -0.546000004      0.110554904    
 -0.543999970      0.109743536    
 -0.541999936      0.108956084    
 -0.539999962      0.108193547    
 -0.537999988      0.107456803    
 -0.536000013      0.106746823    
 -0.533999979      0.106064454    
 -0.531999946      0.105410650    
 -0.529999971      0.104786307    
 -0.527999997      0.104192272    
 -0.525999963      0.103629380    
 -0.523999989      0.103098512    
 -0.521999955      0.102600440    
 -0.519999981      0.102136016    
 -0.518000007      0.101706028    
 -0.515999973      0.101311222    
 -0.513999939      0.100952379    
 -0.511999965      0.100630261    
 -0.509999990      0.100345582    
 -0.508000016      0.100099057    
 -0.505999982       9.98913646E-02
 -0.503999949       9.97232050E-02
 -0.501999974       9.95952487E-02
 -0.500000000       9.95081365E-02
 -0.497999966       9.94624943E-02
 -0.495999992       9.94589478E-02
 -0.493999958       9.94980708E-02
 -0.491999984       9.95804816E-02
 -0.489999950       9.97067243E-02
 -0.487999976       9.98773426E-02
 -0.486000001      0.100092873    
 -0.483999968      0.100353852    
 -0.481999993      0.100660756    
 -0.479999959      0.101014048    
 -0.477999985      0.101414233    
 -0.475999951      0.101861730    
 -0.473999977      0.102356985    
 -0.472000003      0.102900371    
 -0.469999969      0.103492349    
 -0.467999995      0.104133248    
 -0.465999961      0.104823470    
 -0.463999987      0.105563313    
 -0.461999953      0.106353149    
 -0.459999979      0.107193246    
 -0.457999945      0.108083963    
 -0.455999970      0.109025508    
 -0.453999996      0.110018149    
 -0.451999962      0.111062199    
 -0.449999988      0.112157792    
 -0.447999954      0.113305226    
 -0.445999980      0.114504620    
 -0.443999946      0.115756214    
 -0.441999972      0.117060095    
 -0.439999998      0.118416443    
 -0.437999964      0.119825438    
 -0.435999990      0.121287093    
 -0.433999956      0.122801602    
 -0.431999981      0.124368936    
 -0.429999948      0.125989243    
 -0.427999973      0.127662510    
 -0.425999999      0.129388779    
 -0.423999965      0.131168142    
 -0.421999991      0.133000463    
 -0.419999957      0.134885848    
 -0.417999983      0.136824131    
 -0.415999949      0.138815403    
 -0.413999975      0.140859455    
 -0.412000000      0.142956287    
 -0.409999967      0.145105854    
 -0.407999992      0.147307903    
 -0.405999959      0.149562463    
 -0.403999984      0.151869223    
 -0.401999950      0.154228196    
 -0.399999976      0.156639054    
 -0.397999942      0.159101754    
 -0.395999968      0.161615953    
 -0.393999994      0.164181471    
 -0.391999960      0.166798189    
 -0.389999986      0.169465706    
 -0.387999952      0.172183901    
 -0.385999978      0.174952358    
 -0.383999944      0.177770928    
 -0.381999969      0.180639163    
 -0.379999995      0.183556840    
 -0.377999961      0.186523691    
 -0.375999987      0.189539194    
 -0.373999953      0.192603186    
 -0.371999979      0.195715129    
 -0.369999945      0.198874786    
 -0.367999971      0.202081606    
 -0.365999997      0.205335274    
 -0.363999963      0.208635464    
 -0.361999989      0.211981535    
 -0.359999955      0.215373248    
 -0.357999980      0.218809918    
 -0.355999947      0.222291335    
 -0.353999972      0.225816771    
 -0.351999998      0.229385853    
 -0.349999964      0.232998148    
 -0.347999990      0.236652970    
 -0.345999956      0.240350023    
 -0.343999982      0.244088486    
 -0.341999948      0.247868076    
 -0.339999974      0.251687974    
 -0.337999940      0.255547881    
 -0.335999966      0.259446979    
 -0.333999991      0.263384759    
 -0.331999958      0.267360777    
 -0.329999983      0.271374136    
 -0.327999949      0.275424540    
 -0.325999975      0.279511005    
 -0.323999941      0.283633262    
 -0.321999967      0.287790328    
 -0.319999993      0.291981667    
 -0.317999959      0.296206772    
 -0.315999985      0.300464720    
 -0.313999951      0.304755062    
 -0.311999977      0.309076846    
 -0.309999943      0.313429683    
 -0.307999969      0.317812532    
 -0.305999994      0.322224885    
 -0.303999960      0.326666117    
 -0.301999986      0.331135213    
 -0.299999952      0.335631669    
 -0.297999978      0.340154588    
 -0.295999944      0.344703376    
 -0.293999970      0.349277109    
 -0.291999996      0.353875041    
 -0.289999962      0.358496666    
 -0.287999988      0.363140792    
 -0.285999954      0.367807090    
 -0.283999979      0.372494310    
 -0.281999946      0.377202094    
 -0.279999971      0.381929278    
 -0.277999938      0.386675328    
 -0.275999963      0.391439199    
 -0.273999989      0.396220207    
 -0.271999955      0.401017696    
 -0.269999981      0.405830473    
 -0.267999947      0.410658151    
 -0.265999973      0.415499449    
 -0.263999939      0.420353919    
 -0.261999965      0.425220430    
 -0.259999990      0.430098265    
 -0.257999957      0.434986740    
 -0.255999982      0.439884663    
 -0.253999949      0.444791585    
 -0.251999974      0.449706286    
 -0.249999940      0.454628199    
 -0.247999966      0.459556222    
 -0.245999992      0.464489609    
 -0.243999958      0.469427556    
 -0.241999984      0.474369109    
 -0.239999950      0.479313552    
 -0.237999976      0.484259784    
 -0.235999942      0.489207208    
 -0.233999968      0.494154602    
 -0.231999993      0.499101400    
 -0.229999959      0.504046738    
 -0.227999985      0.508989513    
 -0.225999951      0.513929129    
 -0.223999977      0.518864393    
 -0.221999943      0.523794830    
 -0.219999969      0.528719187    
 -0.217999935      0.533636868    
 -0.215999961      0.538546860    
 -0.213999987      0.543448269    
 -0.211999953      0.548340499    
 -0.209999979      0.553222299    
 -0.207999945      0.558093131    
 -0.205999970      0.562951863    
 -0.203999937      0.567797899    
 -0.201999962      0.572630048    
 -0.199999988      0.577447712    
 -0.197999954      0.582250118    
 -0.195999980      0.587036133    
 -0.193999946      0.591805160    
 -0.191999972      0.596556127    
 -0.189999938      0.601288438    
 -0.187999964      0.606000900    
 -0.185999990      0.610692978    
 -0.183999956      0.615363836    
 -0.181999981      0.620012462    
 -0.179999948      0.624638200    
 -0.177999973      0.629239976    
 -0.175999939      0.633817375    
 -0.173999965      0.638369203    
 -0.171999931      0.642894804    
 -0.169999957      0.647393346    
 -0.167999983      0.651863992    
 -0.165999949      0.656306148    
 -0.163999975      0.660718799    
 -0.161999941      0.665101349    
 -0.159999967      0.669452667    
 -0.157999933      0.673772395    
 -0.155999959      0.678059399    
 -0.153999984      0.682313204    
 -0.151999950      0.686532974    
 -0.149999976      0.690717816    
 -0.147999942      0.694867134    
 -0.145999968      0.698980093    
 -0.143999934      0.703056097    
 -0.141999960      0.707094193    
 -0.139999986      0.711093843    
 -0.137999952      0.715054333    
 -0.135999978      0.718974888    
 -0.133999944      0.722854853    
 -0.131999969      0.726693451    
 -0.129999936      0.730490148    
 -0.127999961      0.734244049    
 -0.125999987      0.737954557    
 -0.123999953      0.741621196    
 -0.121999979      0.745243073    
 -0.119999945      0.748819768    
 -0.117999971      0.752350330    
 -0.115999937      0.755834520    
 -0.113999963      0.759271264    
 -0.111999929      0.762660384    
 -0.109999955      0.766001046    
 -0.107999980      0.769292533    
 -0.105999947      0.772534668    
 -0.103999972      0.775726438    
 -0.101999938      0.778867483    
  -9.99999642E-02  0.781957209    
  -9.79999304E-02  0.784995079    
  -9.59999561E-02  0.787980556    
  -9.39999819E-02  0.790912986    
  -9.19999480E-02  0.793792129    
  -8.99999738E-02  0.796617150    
  -8.79999399E-02  0.799387693    
  -8.59999657E-02  0.802103341    
  -8.39999318E-02  0.804763436    
  -8.19999576E-02  0.807367563    
  -7.99999833E-02  0.809915245    
  -7.79999495E-02  0.812406182    
  -7.59999752E-02  0.814839780    
  -7.39999413E-02  0.817215562    
  -7.19999671E-02  0.819533288    
  -6.99999332E-02  0.821792305    
  -6.79999590E-02  0.823992312    
  -6.59999847E-02  0.826133072    
  -6.39999509E-02  0.828213990    
  -6.19999766E-02  0.830234826    
  -5.99999428E-02  0.832195163    
  -5.79999685E-02  0.834094584    
  -5.59999347E-02  0.835932910    
  -5.39999604E-02  0.837709606    
  -5.19999266E-02  0.839424551    
  -4.99999523E-02  0.841077387    
  -4.79999781E-02  0.842667580    
  -4.59999442E-02  0.844195306    
  -4.39999700E-02  0.845660031    
  -4.19999361E-02  0.847061396    
  -3.99999619E-02  0.848399282    
  -3.79999280E-02  0.849673510    
  -3.59999537E-02  0.850883603    
  -3.39999795E-02  0.852029681    
  -3.19999456E-02  0.853111267    
  -2.99999714E-02  0.854128301    
  -2.79999375E-02  0.855080605    
  -2.59999633E-02  0.855967939    
  -2.39999294E-02  0.856790185    
  -2.19999552E-02  0.857547164    
  -1.99999809E-02  0.858238757    
  -1.79999471E-02  0.858864963    
  -1.59999728E-02  0.859425485    
  -1.39999390E-02  0.859920323    
  -1.19999647E-02  0.860349357    
  -9.99993086E-03  0.860712528    
  -7.99995661E-03  0.861009717    
  -5.99998236E-03  0.861240864    
  -3.99994850E-03  0.861406147    
  -1.99997425E-03  0.861505270    
   0.00000000      0.861538231    
   2.00009346E-03  0.861505151    
   4.00006771E-03  0.861406147    
   6.00004196E-03  0.861240864    
   8.00001621E-03  0.861009777    
   9.99999046E-03  0.860712469    
   1.20000839E-02  0.860349298    
   1.40000582E-02  0.859920263    
   1.60000324E-02  0.859425545    
   1.80000067E-02  0.858864963    
   2.00001001E-02  0.858238757    
   2.20000744E-02  0.857547104    
   2.40000486E-02  0.856790185    
   2.60000229E-02  0.855967879    
   2.79999971E-02  0.855080545    
   3.00000906E-02  0.854128242    
   3.20000648E-02  0.853111207    
   3.40000391E-02  0.852029562    
   3.60000134E-02  0.850883603    
   3.80001068E-02  0.849673331    
   4.00000811E-02  0.848399222    
   4.20000553E-02  0.847061396    
   4.40000296E-02  0.845659912    
   4.60000038E-02  0.844195187    
   4.80000973E-02  0.842667580    
   5.00000715E-02  0.841077328    
   5.20000458E-02  0.839424431    
   5.40000200E-02  0.837709546    
   5.59999943E-02  0.835932851    
   5.80000877E-02  0.834094465    
   6.00000620E-02  0.832195044    
   6.20000362E-02  0.830234766    
   6.40000105E-02  0.828213930    
   6.60001040E-02  0.826132953    
   6.80000782E-02  0.823992193    
   7.00000525E-02  0.821792185    
   7.20000267E-02  0.819533110    
   7.40000010E-02  0.817215562    
   7.60000944E-02  0.814839542    
   7.80000687E-02  0.812406063    
   8.00000429E-02  0.809915245    
   8.20000172E-02  0.807367444    
   8.40001106E-02  0.804763258    
   8.60000849E-02  0.802103162    
   8.80000591E-02  0.799387574    
   9.00000334E-02  0.796617031    
   9.20000076E-02  0.793792009    
   9.40001011E-02  0.790912986    
   9.60000753E-02  0.787980437    
   9.80000496E-02  0.784994960    
  0.100000024      0.781957090    
  0.101999998      0.778867483    
  0.104000092      0.775726199    
  0.106000066      0.772534549    
  0.108000040      0.769292533    
  0.110000014      0.766000926    
  0.112000108      0.762660265    
  0.114000082      0.759271026    
  0.116000056      0.755834341    
  0.118000031      0.752350330    
  0.120000005      0.748819590    
  0.122000098      0.745242894    
  0.124000072      0.741620898    
  0.126000047      0.737954438    
  0.128000021      0.734243989    
  0.129999995      0.730490088    
  0.132000089      0.726693332    
  0.134000063      0.722854674    
  0.136000037      0.718974769    
  0.138000011      0.715054333    
  0.140000105      0.711093724    
  0.142000079      0.707094014    
  0.144000053      0.703055918    
  0.146000028      0.698980033    
  0.148000002      0.694867074    
  0.150000095      0.690717697    
  0.152000070      0.686532795    
  0.154000044      0.682313144    
  0.156000018      0.678059399    
  0.158000112      0.673772037    
  0.160000086      0.669452548    
  0.162000060      0.665100992    
  0.164000034      0.660718739    
  0.166000009      0.656306207    
  0.168000102      0.651863873    
  0.170000076      0.647393048    
  0.172000051      0.642894685    
  0.174000025      0.638369024    
  0.175999999      0.633817315    
  0.178000093      0.629239917    
  0.180000067      0.624638081    
  0.182000041      0.620012283    
  0.184000015      0.615363896    
  0.186000109      0.610692978    
  0.188000083      0.606000721    
  0.190000057      0.601288259    
  0.192000031      0.596556187    
  0.194000006      0.591805220    
  0.196000099      0.587036073    
  0.198000073      0.582249999    
  0.200000048      0.577447832    
  0.202000022      0.572629988    
  0.204000115      0.567797661    
  0.206000090      0.562951684    
  0.208000064      0.558093071    
  0.210000038      0.553222299    
  0.212000012      0.548340499    
  0.214000106      0.543448150    
  0.216000080      0.538546622    
  0.218000054      0.533636808    
  0.220000029      0.528719425    
  0.222000003      0.523795009    
  0.224000096      0.518864274    
  0.226000071      0.513928950    
  0.228000045      0.508989573    
  0.230000019      0.504046798    
  0.232000113      0.499101341    
  0.234000087      0.494154692    
  0.236000061      0.489207208    
  0.238000035      0.484260112    
  0.240000010      0.479313672    
  0.242000103      0.474369079    
  0.244000077      0.469427377    
  0.246000051      0.464489520    
  0.248000026      0.459556341    
  0.250000000      0.454628289    
  0.252000093      0.449706256    
  0.254000068      0.444791526    
  0.256000042      0.439884812    
  0.258000016      0.434986860    
  0.260000110      0.430098355    
  0.262000084      0.425220460    
  0.264000058      0.420353830    
  0.266000032      0.415499449    
  0.268000007      0.410658240    
  0.270000100      0.405830711    
  0.272000074      0.401017606    
  0.274000049      0.396220386    
  0.276000023      0.391439527    
  0.278000116      0.386675090    
  0.280000091      0.381929338    
  0.282000065      0.377202243    
  0.284000039      0.372494698    
  0.286000013      0.367806971    
  0.288000107      0.363140762    
  0.290000081      0.358496875    
  0.292000055      0.353875041    
  0.294000030      0.349277377    
  0.296000004      0.344703883    
  0.298000097      0.340154707    
  0.300000072      0.335631818    
  0.302000046      0.331135154    
  0.304000020      0.326666713    
  0.306000113      0.322225004    
  0.308000088      0.317812473    
  0.310000062      0.313429803    
  0.312000036      0.309077144    
  0.314000010      0.304755151    
  0.316000104      0.300465107    
  0.318000078      0.296207249    
  0.320000052      0.291982204    
  0.322000027      0.287790686    
  0.324000120      0.283633322    
  0.326000094      0.279511184    
  0.328000069      0.275424749    
  0.330000043      0.271374315    
  0.332000017      0.267361075    
  0.334000111      0.263384610    
  0.336000085      0.259447336    
  0.338000059      0.255548209    
  0.340000033      0.251688659    
  0.342000008      0.247868478    
  0.344000101      0.244088858    
  0.346000075      0.240350127    
  0.348000050      0.236653179    
  0.350000024      0.232998848    
  0.352000117      0.229386196    
  0.354000092      0.225817159    
  0.356000066      0.222291768    
  0.358000040      0.218810320    
  0.360000014      0.215374082    
  0.362000108      0.211981699    
  0.364000082      0.208635569    
  0.366000056      0.205335736    
  0.368000031      0.202081606    
  0.370000124      0.198875338    
  0.372000098      0.195715785    
  0.374000072      0.192603767    
  0.376000047      0.189539388    
  0.378000021      0.186524332    
  0.380000114      0.183557510    
  0.382000089      0.180639982    
  0.384000063      0.177771166    
  0.386000037      0.174953476    
  0.388000011      0.172184885    
  0.390000105      0.169466630    
  0.392000079      0.166798517    
  0.394000053      0.164181918    
  0.396000028      0.161616579    
  0.398000121      0.159102291    
  0.400000095      0.156639799    
  0.402000070      0.154228538    
  0.404000044      0.151869804    
  0.406000018      0.149563208    
  0.408000112      0.147308230    
  0.410000086      0.145106211    
  0.412000060      0.142956957    
  0.414000034      0.140860170    
  0.416000009      0.138816699    
  0.418000102      0.136824921    
  0.420000076      0.134886146    
  0.422000051      0.133000970    
  0.424000025      0.131168529    
  0.426000118      0.129389867    
  0.428000093      0.127662987    
  0.430000067      0.125989780    
  0.432000041      0.124369845    
  0.434000015      0.122802347    
  0.436000109      0.121287882    
  0.438000083      0.119826734    
  0.440000057      0.118416801    
  0.442000031      0.117060751    
  0.444000125      0.115757316    
  0.446000099      0.114505380    
  0.448000073      0.113306046    
  0.450000048      0.112159058    
  0.452000022      0.111063018    
  0.454000115      0.110018492    
  0.456000090      0.109026626    
  0.458000064      0.108083874    
  0.460000038      0.107194141    
  0.462000012      0.106354073    
  0.464000106      0.105564237    
  0.466000080      0.104824603    
  0.468000054      0.104134381    
  0.470000029      0.103493005    
  0.472000122      0.102900878    
  0.474000096      0.102357388    
  0.476000071      0.101862296    
  0.478000045      0.101414487    
  0.480000019      0.101015598    
  0.482000113      0.100662552    
  0.484000087      0.100354359    
  0.486000061      0.100094430    
  0.488000035       9.98782665E-02
  0.490000129       9.97076109E-02
  0.492000103       9.95809659E-02
  0.494000077       9.94990021E-02
  0.496000051       9.94602889E-02
  0.498000026       9.94629860E-02
  0.500000119       9.95088369E-02
  0.502000093       9.95961502E-02
  0.504000068       9.97232199E-02
  0.506000042       9.98929888E-02
  0.508000016      0.100099675    
  0.510000110      0.100347146    
  0.512000084      0.100631617    
  0.514000058      0.100953519    
  0.516000032      0.101312280    
  0.518000126      0.101706490    
  0.520000100      0.102137372    
  0.522000074      0.102601409    
  0.524000049      0.103099599    
  0.526000023      0.103629902    
  0.528000116      0.104193285    
  0.530000091      0.104787394    
  0.532000065      0.105411917    
  0.534000039      0.106065258    
  0.536000013      0.106747314    
  0.538000107      0.107457429    
  0.540000081      0.108196154    
  0.542000055      0.108957231    
  0.544000030      0.109744594    
  0.546000123      0.110555694    
  0.548000097      0.111390084    
  0.550000072      0.112246662    
  0.552000046      0.113122612    
  0.554000020      0.114020228    
  0.556000113      0.114936724    
  0.558000088      0.115870640    
  0.560000062      0.116821557    
  0.562000036      0.117788196    
  0.564000130      0.118770048    
  0.566000104      0.119763672    
  0.568000078      0.120773867    
  0.570000052      0.121790841    
  0.572000027      0.122820497    
  0.574000120      0.123858392    
  0.576000094      0.124906793    
  0.578000069      0.125958934    
  0.580000043      0.127019465    
  0.582000017      0.128082752    
  0.584000111      0.129149452    
  0.586000085      0.130218476    
  0.588000059      0.131289437    
  0.590000033      0.132359117    
  0.592000127      0.133426905    
  0.594000101      0.134493396    
  0.596000075      0.135554954    
  0.598000050      0.136612758    
  0.600000024      0.137659907    
  0.602000117      0.138704970    
  0.604000092      0.139738739    
  0.606000066      0.140762702    
  0.608000040      0.141775146    
  0.610000134      0.142774507    
  0.612000108      0.143761620    
  0.614000082      0.144731358    
  0.616000056      0.145683169    
  0.618000031      0.146620795    
  0.620000124      0.147538245    
  0.622000098      0.148433656    
  0.624000072      0.149309099    
  0.626000047      0.150162727    
  0.628000021      0.150992125    
  0.630000114      0.151792347    
  0.632000089      0.152568325    
  0.634000063      0.153315276    
  0.636000037      0.154030845    
  0.638000131      0.154719993    
  0.640000105      0.155374944    
  0.642000079      0.155996725    
  0.644000053      0.156582162    
  0.646000028      0.157133743    
  0.648000121      0.157648563    
  0.650000095      0.158121869    
  0.652000070      0.158559442    
  0.654000044      0.158952609    
  0.656000137      0.159304708    
  0.658000112      0.159614727    
  0.660000086      0.159878075    
  0.662000060      0.160099536    
  0.664000034      0.160268977    
  0.666000128      0.160393387    
  0.668000102      0.160465628    
  0.670000076      0.160487399    
  0.672000051      0.160458744    
  0.674000025      0.160373405    
  0.676000118      0.160240859    
  0.678000093      0.160046637    
  0.680000067      0.159796536    
  0.682000041      0.159492508    
  0.684000134      0.159128517    
  0.686000109      0.158704698    
  0.688000083      0.158216104    
  0.690000057      0.157670915    
  0.692000031      0.157059833    
  0.694000125      0.156388283    
  0.696000099      0.155652076    
  0.698000073      0.154845849    
  0.700000048      0.153976202    
  0.702000022      0.153032273    
  0.704000115      0.152026296    
  0.706000090      0.150953710    
  0.708000064      0.149805412    
  0.710000038      0.148590624    
  0.712000132      0.147297785    
  0.714000106      0.145936042    
  0.716000080      0.144507051    
  0.718000054      0.142994404    
  0.720000029      0.141414717    
  0.722000122      0.139756694    
  0.724000096      0.138019472    
  0.726000071      0.136215284    
  0.728000045      0.134325132    
  0.730000138      0.132361874    
  0.732000113      0.130318880    
  0.734000087      0.128198966    
  0.736000061      0.126002073    
  0.738000035      0.123725682    
  0.740000129      0.121375129    
  0.742000103      0.118934095    
  0.744000077      0.116422296    
  0.746000051      0.113830164    
  0.748000026      0.111155346    
  0.750000119      0.108405188    
  0.752000093      0.105570272    
  0.754000068      0.102658197    
  0.756000042       9.96643156E-02
  0.758000135       9.65961665E-02
  0.760000110       9.34485868E-02
  0.762000084       9.02190655E-02
  0.764000058       8.69040713E-02
  0.766000032       8.35252777E-02
  0.768000126       8.00551623E-02
  0.770000100       7.65164495E-02
  0.772000074       7.28989542E-02
  0.774000049       6.92078769E-02
  0.776000142       6.54403791E-02
  0.778000116       6.15933128E-02
  0.780000091       5.76808937E-02
  0.782000065       5.36820330E-02
  0.784000039       4.96281050E-02
  0.786000133       4.54886556E-02
  0.788000107       4.12840769E-02
  0.790000081       3.70174870E-02
  0.792000055       3.26733030E-02
  0.794000030       2.82736737E-02
  0.796000123       2.38021202E-02
  0.798000097       1.92695931E-02
  0.800000072       1.46765951E-02
  0.802000046       1.00183096E-02
  0.804000139       5.30491397E-03
  0.806000113       5.34880906E-04
  0.808000088      -4.29200009E-03
  0.810000062      -9.16110724E-03
  0.812000036      -1.40923038E-02
  0.814000130      -1.90650932E-02
  0.816000104      -2.40864046E-02
  0.818000078      -2.91525610E-02
  0.820000052      -3.42517309E-02
  0.822000146      -3.94014530E-02
  0.824000120      -4.45768647E-02
  0.826000094      -4.97934259E-02
  0.828000069      -5.50398193E-02
  0.830000043      -6.03059642E-02
  0.832000136      -6.56035542E-02
  0.834000111      -7.09181726E-02
  0.836000085      -7.62584358E-02
  0.838000059      -8.16068798E-02
  0.840000033      -8.69604945E-02
  0.842000127      -9.23301727E-02
  0.844000101      -9.76970196E-02
  0.846000075     -0.103063866    
  0.848000050     -0.108437613    
  0.850000143     -0.113786310    
  0.852000117     -0.119132921    
  0.854000092     -0.124458581    
  0.856000066     -0.129757270    
  0.858000040     -0.135038972    
  0.860000134     -0.140283525    
  0.862000108     -0.145489827    
  0.864000082     -0.150654912    
  0.866000056     -0.155784696    
  0.868000031     -0.160855278    
  0.870000124     -0.165858909    
  0.872000098     -0.170820162    
  0.874000072     -0.175698370    
  0.876000047     -0.180503041    
  0.878000140     -0.185228363    
  0.880000114     -0.189864114    
  0.882000089     -0.194416106    
  0.884000063     -0.198862195    
  0.886000037     -0.203194603    
  0.888000131     -0.207416460    
  0.890000105     -0.211525857    
  0.892000079     -0.215497881    
  0.894000053     -0.219343752    
  0.896000147     -0.223038971    
  0.898000121     -0.226585001    
  0.900000095     -0.229979426    
  0.902000070     -0.233193457    
  0.904000044     -0.236249954    
  0.906000137     -0.239113182    
  0.908000112     -0.241781205    
  0.910000086     -0.244252533    
  0.912000060     -0.246509582    
  0.914000034     -0.248555243    
  0.916000128     -0.250371903    
  0.918000102     -0.251937926    
  0.920000076     -0.253267199    
  0.922000051     -0.254331470    
  0.924000144     -0.255135864    
  0.926000118     -0.255655617    
  0.928000093     -0.255885184    
  0.930000067     -0.255821615    
  0.932000041     -0.255433768    
  0.934000134     -0.254723608    
  0.936000109     -0.253698140    
  0.938000083     -0.252312809    
  0.940000057     -0.250572264    
  0.942000151     -0.248452574    
  0.944000125     -0.245959848    
  0.946000099     -0.243055642    
  0.948000073     -0.239750803    
  0.950000048     -0.236029714    
  0.952000141     -0.231874019    
  0.954000115     -0.227264255    
  0.956000090     -0.222183347    
  0.958000064     -0.216636270    
  0.960000038     -0.210589677    
  0.962000132     -0.204035625    
  0.964000106     -0.196966320    
  0.966000080     -0.189360201    
  0.968000054     -0.181193963    
  0.970000148     -0.172454774    
  0.972000122     -0.163138047    
  0.974000096     -0.153204307    
  0.976000071     -0.142677411    
  0.978000045     -0.131508529    
  0.980000138     -0.119671360    
  0.982000113     -0.107189253    
  0.984000087      -9.39959139E-02
  0.986000061      -8.01266730E-02
  0.988000035      -6.54974133E-02
  0.990000129      -5.01460992E-02
  0.992000103      -3.40324752E-02
  0.994000077      -1.71201713E-02
  0.996000051       5.66031784E-04
  0.998000145       1.91021953E-02
   1.00000000       3.84648181E-02
