  -1.00000000       3.84629108E-02
 -0.998000026       3.81912515E-02
 -0.995999992       3.79675739E-02
 -0.994000018       3.77851836E-02
 -0.991999984       3.76377292E-02
 -0.990000010       3.75261270E-02
 -0.987999976       3.74607854E-02
 -0.986000001       3.74305397E-02
 -0.984000027       3.74235064E-02
 -0.981999993       3.74557413E-02
 -0.980000019       3.75179350E-02
 -0.977999985       3.76146510E-02
 -0.976000011       3.77261005E-02
 -0.973999977       3.78753170E-02
 -0.972000003       3.80488262E-02
 -0.970000029       3.82431075E-02
 -0.967999995       3.84683870E-02
 -0.966000021       3.86999473E-02
 -0.963999987       3.89617085E-02
 -0.962000012       3.92436497E-02
 -0.959999979       3.95437926E-02
 -0.958000004       3.98592539E-02
 -0.955999970       4.01879102E-02
 -0.953999996       4.05316912E-02
 -0.952000022       4.08905558E-02
 -0.949999988       4.12646495E-02
 -0.948000014       4.16419320E-02
 -0.945999980       4.20367494E-02
 -0.944000006       4.24414203E-02
 -0.941999972       4.28547114E-02
 -0.939999998       4.32776250E-02
 -0.938000023       4.37037572E-02
 -0.935999990       4.41383347E-02
 -0.934000015       4.45804745E-02
 -0.931999981       4.50223610E-02
 -0.930000007       4.54695486E-02
 -0.927999973       4.59222868E-02
 -0.925999999       4.63764407E-02
 -0.924000025       4.68343645E-02
 -0.921999991       4.72922213E-02
 -0.920000017       4.77489792E-02
 -0.917999983       4.82093953E-02
 -0.916000009       4.86696027E-02
 -0.913999975       4.91256602E-02
 -0.912000000       4.95851338E-02
 -0.909999967       5.00361063E-02
 -0.907999992       5.04853427E-02
 -0.906000018       5.09365499E-02
 -0.903999984       5.13857640E-02
 -0.902000010       5.18233366E-02
 -0.899999976       5.22588864E-02
 -0.898000002       5.26931174E-02
 -0.896000028       5.31214774E-02
 -0.893999994       5.35413772E-02
 -0.892000020       5.39592579E-02
 -0.889999986       5.43647036E-02
 -0.888000011       5.47730140E-02
 -0.885999978       5.51689565E-02
 -0.884000003       5.55583797E-02
 -0.881999969       5.59396595E-02
 -0.879999995       5.63161820E-02
 -0.878000021       5.66850677E-02
 -0.875999987       5.70446253E-02
 -0.874000013       5.73967025E-02
 -0.871999979       5.77393398E-02
 -0.870000005       5.80745116E-02
 -0.868000031       5.83991520E-02
 -0.865999997       5.87191433E-02
 -0.863999963       5.90251610E-02
 -0.861999989       5.93264066E-02
 -0.860000014       5.96156903E-02
 -0.857999980       5.98978698E-02
 -0.856000006       6.01699166E-02
 -0.853999972       6.04345724E-02
 -0.851999998       6.06903583E-02
 -0.850000024       6.09334521E-02
 -0.847999990       6.11701310E-02
 -0.845999956       6.13946617E-02
 -0.843999982       6.16109185E-02
 -0.842000008       6.18191063E-02
 -0.839999974       6.20179810E-02
 -0.838000000       6.22054711E-02
 -0.835999966       6.23873845E-02
 -0.833999991       6.25554621E-02
 -0.832000017       6.27147704E-02
 -0.829999983       6.28708005E-02
 -0.828000009       6.30147159E-02
 -0.825999975       6.31460547E-02
 -0.824000001       6.32724464E-02
 -0.822000027       6.33898750E-02
 -0.819999993       6.34965226E-02
 -0.817999959       6.35976493E-02
 -0.815999985       6.36882931E-02
 -0.814000010       6.37722313E-02
 -0.811999977       6.38495088E-02
 -0.810000002       6.39140978E-02
 -0.807999969       6.39753267E-02
 -0.805999994       6.40289262E-02
 -0.804000020       6.40736222E-02
 -0.801999986       6.41112030E-02
 -0.800000012       6.41432852E-02
 -0.797999978       6.41665831E-02
 -0.796000004       6.41835257E-02
 -0.793999970       6.41958266E-02
 -0.791999996       6.42001182E-02
 -0.789999962       6.41997308E-02
 -0.787999988       6.41931221E-02
 -0.786000013       6.41811714E-02
 -0.783999979       6.41652122E-02
 -0.782000005       6.41438812E-02
 -0.779999971       6.41156435E-02
 -0.777999997       6.40852600E-02
 -0.776000023       6.40472323E-02
 -0.773999989       6.40089065E-02
 -0.771999955       6.39644042E-02
 -0.769999981       6.39172494E-02
 -0.768000007       6.38670027E-02
 -0.765999973       6.38142228E-02
 -0.763999999       6.37574270E-02
 -0.761999965       6.36996552E-02
 -0.759999990       6.36397600E-02
 -0.758000016       6.35774881E-02
 -0.755999982       6.35134354E-02
 -0.754000008       6.34474158E-02
 -0.751999974       6.33796230E-02
 -0.750000000       6.33132160E-02
 -0.748000026       6.32462874E-02
 -0.745999992       6.31781742E-02
 -0.743999958       6.31115139E-02
 -0.741999984       6.30446225E-02
 -0.740000010       6.29768595E-02
 -0.737999976       6.29123300E-02
 -0.736000001       6.28492609E-02
 -0.733999968       6.27853498E-02
 -0.731999993       6.27259016E-02
 -0.730000019       6.26684651E-02
 -0.727999985       6.26118630E-02
 -0.725999951       6.25595450E-02
 -0.723999977       6.25083819E-02
 -0.722000003       6.24631271E-02
 -0.720000029       6.24200627E-02
 -0.717999995       6.23818226E-02
 -0.715999961       6.23484664E-02
 -0.713999987       6.23186752E-02
 -0.712000012       6.22947775E-02
 -0.709999979       6.22760057E-02
 -0.707999945       6.22618310E-02
 -0.705999970       6.22539967E-02
 -0.703999996       6.22520372E-02
 -0.702000022       6.22562133E-02
 -0.699999988       6.22681230E-02
 -0.697999954       6.22868873E-02
 -0.695999980       6.23118952E-02
 -0.694000006       6.23462945E-02
 -0.691999972       6.23880103E-02
 -0.689999998       6.24379627E-02
 -0.687999964       6.24949336E-02
 -0.685999990       6.25624508E-02
 -0.684000015       6.26392215E-02
 -0.681999981       6.27233386E-02
 -0.679999948       6.28173947E-02
 -0.677999973       6.29241019E-02
 -0.675999999       6.30394295E-02
 -0.674000025       6.31641820E-02
 -0.671999991       6.33008927E-02
 -0.669999957       6.34485930E-02
 -0.667999983       6.36073425E-02
 -0.666000009       6.37776852E-02
 -0.663999975       6.39600232E-02
 -0.661999941       6.41548336E-02
 -0.659999967       6.43610209E-02
 -0.657999992       6.45817816E-02
 -0.656000018       6.48138076E-02
 -0.653999984       6.50602728E-02
 -0.651999950       6.53187111E-02
 -0.649999976       6.55897707E-02
 -0.648000002       6.58776760E-02
 -0.646000028       6.61772564E-02
 -0.643999994       6.64932951E-02
 -0.641999960       6.68226555E-02
 -0.639999986       6.71666712E-02
 -0.638000011       6.75259531E-02
 -0.635999978       6.79008216E-02
 -0.633999944       6.82911873E-02
 -0.631999969       6.86965659E-02
 -0.629999995       6.91190958E-02
 -0.628000021       6.95574135E-02
 -0.625999987       7.00113550E-02
 -0.623999953       7.04825372E-02
 -0.621999979       7.09705129E-02
 -0.620000005       7.14753568E-02
 -0.617999971       7.19968379E-02
 -0.615999997       7.25362375E-02
 -0.613999963       7.30935931E-02
 -0.611999989       7.36674368E-02
 -0.610000014       7.42605254E-02
 -0.607999980       7.48709589E-02
 -0.605999947       7.54995793E-02
 -0.603999972       7.61465207E-02
 -0.601999998       7.68122226E-02
 -0.600000024       7.74965733E-02
 -0.597999990       7.82001913E-02
 -0.595999956       7.89225474E-02
 -0.593999982       7.96641111E-02
 -0.592000008       8.04255307E-02
 -0.589999974       8.12060758E-02
 -0.587999940       8.20054859E-02
 -0.585999966       8.28254372E-02
 -0.583999991       8.36657733E-02
 -0.582000017       8.45250040E-02
 -0.579999983       8.54047984E-02
 -0.577999949       8.63045603E-02
 -0.575999975       8.72263014E-02
 -0.574000001       8.81661773E-02
 -0.571999967       8.91278684E-02
 -0.569999993       9.01101381E-02
 -0.567999959       9.11122411E-02
 -0.565999985       9.21368301E-02
 -0.564000010       9.31802839E-02
 -0.561999977       9.42464173E-02
 -0.559999943       9.53327194E-02
 -0.557999969       9.64406878E-02
 -0.555999994       9.75691974E-02
 -0.554000020       9.87197757E-02
 -0.551999986       9.98911932E-02
 -0.549999952      0.101084411    
 -0.547999978      0.102298543    
 -0.546000004      0.103534758    
 -0.543999970      0.104792506    
 -0.541999936      0.106070697    
 -0.539999962      0.107371554    
 -0.537999988      0.108694002    
 -0.536000013      0.110037759    
 -0.533999979      0.111403674    
 -0.531999946      0.112790242    
 -0.529999971      0.114198834    
 -0.527999997      0.115630075    
 -0.525999963      0.117082313    
 -0.523999989      0.118556798    
 -0.521999955      0.120051846    
 -0.519999981      0.121569782    
 -0.518000007      0.123108298    
 -0.515999973      0.124669030    
 -0.513999939      0.126252130    
 -0.511999965      0.127855688    
 -0.509999990      0.129480779    
 -0.508000016      0.131128177    
 -0.505999982      0.132796809    
 -0.503999949      0.134487078    
 -0.501999974      0.136198446    
 -0.500000000      0.137930706    
 -0.497999966      0.139685765    
 -0.495999992      0.141460851    
 -0.493999958      0.143257454    
 -0.491999984      0.145075023    
 -0.489999950      0.146913812    
 -0.487999976      0.148773387    
 -0.486000001      0.150653481    
 -0.483999968      0.152555302    
 -0.481999993      0.154476970    
 -0.479999959      0.156419352    
 -0.477999985      0.158382609    
 -0.475999951      0.160366401    
 -0.473999977      0.162370071    
 -0.472000003      0.164394140    
 -0.469999969      0.166438207    
 -0.467999995      0.168501973    
 -0.465999961      0.170585915    
 -0.463999987      0.172689661    
 -0.461999953      0.174813166    
 -0.459999979      0.176955983    
 -0.457999945      0.179117918    
 -0.455999970      0.181299031    
 -0.453999996      0.183498994    
 -0.451999962      0.185718894    
 -0.449999988      0.187956005    
 -0.447999954      0.190212637    
 -0.445999980      0.192487597    
 -0.443999946      0.194780961    
 -0.441999972      0.197092354    
 -0.439999998      0.199421525    
 -0.437999964      0.201769054    
 -0.435999990      0.204133123    
 -0.433999956      0.206515938    
 -0.431999981      0.208915398    
 -0.429999948      0.211331472    
 -0.427999973      0.213765025    
 -0.425999999      0.216214910    
 -0.423999965      0.218681589    
 -0.421999991      0.221164495    
 -0.419999957      0.223663554    
 -0.417999983      0.226178333    
 -0.415999949      0.228708848    
 -0.413999975      0.231254965    
 -0.412000000      0.233816370    
 -0.409999967      0.236392468    
 -0.407999992      0.238984078    
 -0.405999959      0.241589844    
 -0.403999984      0.244209960    
 -0.401999950      0.246844307    
 -0.399999976      0.249492571    
 -0.397999942      0.252154768    
 -0.395999968      0.254830599    
 -0.393999994      0.257519215    
 -0.391999960      0.260221183    
 -0.389999986      0.262935251    
 -0.387999952      0.265662730    
 -0.385999978      0.268402100    
 -0.383999944      0.271153718    
 -0.381999969      0.273916364    
 -0.379999995      0.276691467    
 -0.377999961      0.279477656    
 -0.375999987      0.282274693    
 -0.373999953      0.285082400    
 -0.371999979      0.287900150    
 -0.369999945      0.290729254    
 -0.367999971      0.293567657    
 -0.365999997      0.296415836    
 -0.363999963      0.299273193    
 -0.361999989      0.302139670    
 -0.359999955      0.305015504    
 -0.357999980      0.307899326    
 -0.355999947      0.310792118    
 -0.353999972      0.313692331    
 -0.351999998      0.316601187    
 -0.349999964      0.319516838    
 -0.347999990      0.322439611    
 -0.345999956      0.325369447    
 -0.343999982      0.328305781    
 -0.341999948      0.331249058    
 -0.339999974      0.334197879    
 -0.337999940      0.337152392    
 -0.335999966      0.340112269    
 -0.333999991      0.343077421    
 -0.331999958      0.346047670    
 -0.329999983      0.349022001    
 -0.327999949      0.352000773    
 -0.325999975      0.354983419    
 -0.323999941      0.357969910    
 -0.321999967      0.360959977    
 -0.319999993      0.363953054    
 -0.317999959      0.366948366    
 -0.315999985      0.369946867    
 -0.313999951      0.372947156    
 -0.311999977      0.375948817    
 -0.309999943      0.378952831    
 -0.307999969      0.381957352    
 -0.305999994      0.384963036    
 -0.303999960      0.387969226    
 -0.301999986      0.390976042    
 -0.299999952      0.393982798    
 -0.297999978      0.396989048    
 -0.295999944      0.399994850    
 -0.293999970      0.402999222    
 -0.291999996      0.406002522    
 -0.289999962      0.409004569    
 -0.287999988      0.412004083    
 -0.285999954      0.415001959    
 -0.283999979      0.417997032    
 -0.281999946      0.420989752    
 -0.279999971      0.423978835    
 -0.277999938      0.426964283    
 -0.275999963      0.429946333    
 -0.273999989      0.432924151    
 -0.271999955      0.435897470    
 -0.269999981      0.438866287    
 -0.267999947      0.441829830    
 -0.265999973      0.444788218    
 -0.263999939      0.447740734    
 -0.261999965      0.450687200    
 -0.259999990      0.453627586    
 -0.257999957      0.456561416    
 -0.255999982      0.459488183    
 -0.253999949      0.462407470    
 -0.251999974      0.465319484    
 -0.249999940      0.468223989    
 -0.247999966      0.471119732    
 -0.245999992      0.474007189    
 -0.243999958      0.476885736    
 -0.241999984      0.479755372    
 -0.239999950      0.482615709    
 -0.237999976      0.485465795    
 -0.235999942      0.488306493    
 -0.233999968      0.491136163    
 -0.231999993      0.493955851    
 -0.229999959      0.496764481    
 -0.227999985      0.499561638    
 -0.225999951      0.502347350    
 -0.223999977      0.505121350    
 -0.221999943      0.507883012    
 -0.219999969      0.510632038    
 -0.217999935      0.513368428    
 -0.215999961      0.516092062    
 -0.213999987      0.518802106    
 -0.211999953      0.521498740    
 -0.209999979      0.524181068    
 -0.207999945      0.526849508    
 -0.205999970      0.529503226    
 -0.203999937      0.532142282    
 -0.201999962      0.534766316    
 -0.199999988      0.537374616    
 -0.197999954      0.539967477    
 -0.195999980      0.542544484    
 -0.193999946      0.545105278    
 -0.191999972      0.547649622    
 -0.189999938      0.550176799    
 -0.187999964      0.552687228    
 -0.185999990      0.555180311    
 -0.183999956      0.557655632    
 -0.181999981      0.560113072    
 -0.179999948      0.562552571    
 -0.177999973      0.564973354    
 -0.175999939      0.567375898    
 -0.173999965      0.569759190    
 -0.171999931      0.572123230    
 -0.169999957      0.574467957    
 -0.167999983      0.576792896    
 -0.165999949      0.579097986    
 -0.163999975      0.581382513    
 -0.161999941      0.583646834    
 -0.159999967      0.585890293    
 -0.157999933      0.588112831    
 -0.155999959      0.590314031    
 -0.153999984      0.592493773    
 -0.151999950      0.594651997    
 -0.149999976      0.596788228    
 -0.147999942      0.598902166    
 -0.145999968      0.600993752    
 -0.143999934      0.603062689    
 -0.141999960      0.605108619    
 -0.139999986      0.607131600    
 -0.137999952      0.609131098    
 -0.135999978      0.611107111    
 -0.133999944      0.613059461    
 -0.131999969      0.614987671    
 -0.129999936      0.616891801    
 -0.127999961      0.618771493    
 -0.125999987      0.620626628    
 -0.123999953      0.622456849    
 -0.121999979      0.624261975    
 -0.119999945      0.626042187    
 -0.117999971      0.627796650    
 -0.115999937      0.629525602    
 -0.113999963      0.631228864    
 -0.111999929      0.632906020    
 -0.109999955      0.634556890    
 -0.107999980      0.636181593    
 -0.105999947      0.637779772    
 -0.103999972      0.639351070    
 -0.101999938      0.640895545    
  -9.99999642E-02  0.642413020    
  -9.79999304E-02  0.643903077    
  -9.59999561E-02  0.645365834    
  -9.39999819E-02  0.646801054    
  -9.19999480E-02  0.648208499    
  -8.99999738E-02  0.649588048    
  -8.79999399E-02  0.650939643    
  -8.59999657E-02  0.652263045    
  -8.39999318E-02  0.653558075    
  -8.19999576E-02  0.654824674    
  -7.99999833E-02  0.656062603    
  -7.79999495E-02  0.657271862    
  -7.59999752E-02  0.658452213    
  -7.39999413E-02  0.659603536    
  -7.19999671E-02  0.660725653    
  -6.99999332E-02  0.661818564    
  -6.79999590E-02  0.662882030    
  -6.59999847E-02  0.663915992    
  -6.39999509E-02  0.664920390    
  -6.19999766E-02  0.665895045    
  -5.99999428E-02  0.666839719    
  -5.79999685E-02  0.667754591    
  -5.59999347E-02  0.668639421    
  -5.39999604E-02  0.669493973    
  -5.19999266E-02  0.670318425    
  -4.99999523E-02  0.671112418    
  -4.79999781E-02  0.671875954    
  -4.59999442E-02  0.672609150    
  -4.39999700E-02  0.673311532    
  -4.19999361E-02  0.673983395    
  -3.99999619E-02  0.674624443    
  -3.79999280E-02  0.675234675    
  -3.59999537E-02  0.675814152    
  -3.39999795E-02  0.676362455    
  -3.19999456E-02  0.676879942    
  -2.99999714E-02  0.677366316    
  -2.79999375E-02  0.677821457    
  -2.59999633E-02  0.678245604    
  -2.39999294E-02  0.678638458    
  -2.19999552E-02  0.678999960    
  -1.99999809E-02  0.679330230    
  -1.79999471E-02  0.679629087    
  -1.59999728E-02  0.679896772    
  -1.39999390E-02  0.680132806    
  -1.19999647E-02  0.680337548    
  -9.99993086E-03  0.680510759    
  -7.99995661E-03  0.680652499    
  -5.99998236E-03  0.680762887    
  -3.99994850E-03  0.680841565    
  -1.99997425E-03  0.680888891    
   0.00000000      0.680904627    
   2.00009346E-03  0.680888891    
   4.00006771E-03  0.680841744    
   6.00004196E-03  0.680762827    
   8.00001621E-03  0.680652559    
   9.99999046E-03  0.680510819    
   1.20000839E-02  0.680337608    
   1.40000582E-02  0.680132926    
   1.60000324E-02  0.679896712    
   1.80000067E-02  0.679629207    
   2.00001001E-02  0.679330289    
   2.20000744E-02  0.679000020    
   2.40000486E-02  0.678638518    
   2.60000229E-02  0.678245664    
   2.79999971E-02  0.677821636    
   3.00000906E-02  0.677366376    
   3.20000648E-02  0.676880002    
   3.40000391E-02  0.676362634    
   3.60000134E-02  0.675814271    
   3.80001068E-02  0.675234795    
   4.00000811E-02  0.674624562    
   4.20000553E-02  0.673983455    
   4.40000296E-02  0.673311651    
   4.60000038E-02  0.672609210    
   4.80000973E-02  0.671876013    
   5.00000715E-02  0.671112478    
   5.20000458E-02  0.670318425    
   5.40000200E-02  0.669494033    
   5.59999943E-02  0.668639481    
   5.80000877E-02  0.667754650    
   6.00000620E-02  0.666839898    
   6.20000362E-02  0.665895104    
   6.40000105E-02  0.664920509    
   6.60001040E-02  0.663916171    
   6.80000782E-02  0.662882149    
   7.00000525E-02  0.661818683    
   7.20000267E-02  0.660725772    
   7.40000010E-02  0.659603655    
   7.60000944E-02  0.658452272    
   7.80000687E-02  0.657272041    
   8.00000429E-02  0.656062841    
   8.20000172E-02  0.654824853    
   8.40001106E-02  0.653558254    
   8.60000849E-02  0.652263284    
   8.80000591E-02  0.650939882    
   9.00000334E-02  0.649588406    
   9.20000076E-02  0.648208737    
   9.40001011E-02  0.646801233    
   9.60000753E-02  0.645366073    
   9.80000496E-02  0.643903315    
  0.100000024      0.642413139    
  0.101999998      0.640895844    
  0.104000092      0.639351308    
  0.106000066      0.637779951    
  0.108000040      0.636181891    
  0.110000014      0.634557307    
  0.112000108      0.632906199    
  0.114000082      0.631229043    
  0.116000056      0.629525959    
  0.118000031      0.627797008    
  0.120000005      0.626042426    
  0.122000098      0.624262333    
  0.124000072      0.622457147    
  0.126000047      0.620626926    
  0.128000021      0.618771851    
  0.129999995      0.616892219    
  0.132000089      0.614987969    
  0.134000063      0.613059759    
  0.136000037      0.611107528    
  0.138000011      0.609131515    
  0.140000105      0.607131779    
  0.142000079      0.605108917    
  0.144000053      0.603062928    
  0.146000028      0.600994051    
  0.148000002      0.598902524    
  0.150000095      0.596788466    
  0.152000070      0.594652295    
  0.154000044      0.592494249    
  0.156000018      0.590314448    
  0.158000112      0.588113070    
  0.160000086      0.585890591    
  0.162000060      0.583647132    
  0.164000034      0.581382930    
  0.166000009      0.579098284    
  0.168000102      0.576793194    
  0.170000076      0.574468315    
  0.172000051      0.572123647    
  0.174000025      0.569759548    
  0.175999999      0.567376196    
  0.178000093      0.564973891    
  0.180000067      0.562552929    
  0.182000041      0.560113490    
  0.184000015      0.557656050    
  0.186000109      0.555180490    
  0.188000083      0.552687526    
  0.190000057      0.550177217    
  0.192000031      0.547649801    
  0.194000006      0.545105696    
  0.196000099      0.542544782    
  0.198000073      0.539967954    
  0.200000048      0.537375093    
  0.202000022      0.534766555    
  0.204000115      0.532142520    
  0.206000090      0.529503524    
  0.208000064      0.526849806    
  0.210000038      0.524181485    
  0.212000012      0.521498978    
  0.214000106      0.518802404    
  0.216000080      0.516092360    
  0.218000054      0.513368964    
  0.220000029      0.510632515    
  0.222000003      0.507883251    
  0.224000096      0.505121469    
  0.226000071      0.502347648    
  0.228000045      0.499561965    
  0.230000019      0.496764749    
  0.232000113      0.493956149    
  0.234000087      0.491136730    
  0.236000061      0.488306671    
  0.238000035      0.485466301    
  0.240000010      0.482615948    
  0.242000103      0.479755640    
  0.244000077      0.476886153    
  0.246000051      0.474007487    
  0.248000026      0.471120059    
  0.250000000      0.468224138    
  0.252000093      0.465319872    
  0.254000068      0.462407917    
  0.256000042      0.459488481    
  0.258000016      0.456561714    
  0.260000110      0.453627884    
  0.262000084      0.450687587    
  0.264000058      0.447741032    
  0.266000032      0.444788426    
  0.268000007      0.441830218    
  0.270000100      0.438866496    
  0.272000074      0.435897827    
  0.274000049      0.432924479    
  0.276000023      0.429946691    
  0.278000116      0.426964611    
  0.280000091      0.423978955    
  0.282000065      0.420989841    
  0.284000039      0.417997539    
  0.286000013      0.415002376    
  0.288000107      0.412004590    
  0.290000081      0.409004688    
  0.292000055      0.406002939    
  0.294000030      0.402999550    
  0.296000004      0.399994940    
  0.298000097      0.396989197    
  0.300000072      0.393982977    
  0.302000046      0.390976399    
  0.304000020      0.387969792    
  0.306000113      0.384963334    
  0.308000088      0.381957650    
  0.310000062      0.378952861    
  0.312000036      0.375949293    
  0.314000010      0.372947246    
  0.316000104      0.369946867    
  0.318000078      0.366948783    
  0.320000052      0.363953173    
  0.322000027      0.360960305    
  0.324000120      0.357970297    
  0.326000094      0.354983807    
  0.328000069      0.352001071    
  0.330000043      0.349022239    
  0.332000017      0.346047670    
  0.334000111      0.343077481    
  0.336000085      0.340112329    
  0.338000059      0.337152332    
  0.340000033      0.334197819    
  0.342000008      0.331249028    
  0.344000101      0.328306049    
  0.346000075      0.325369626    
  0.348000050      0.322439790    
  0.350000024      0.319516897    
  0.352000117      0.316600978    
  0.354000092      0.313692749    
  0.356000066      0.310792267    
  0.358000040      0.307899803    
  0.360000014      0.305015683    
  0.362000108      0.302139968    
  0.364000082      0.299273312    
  0.366000056      0.296415806    
  0.368000031      0.293567717    
  0.370000124      0.290729135    
  0.372000098      0.287900686    
  0.374000072      0.285082459    
  0.376000047      0.282274723    
  0.378000021      0.279477775    
  0.380000114      0.276691645    
  0.382000089      0.273916930    
  0.384000063      0.271153748    
  0.386000037      0.268402368    
  0.388000011      0.265662968    
  0.390000105      0.262935728    
  0.392000079      0.260221153    
  0.394000053      0.257519335    
  0.396000028      0.254830569    
  0.398000121      0.252154857    
  0.400000095      0.249492779    
  0.402000070      0.246844411    
  0.404000044      0.244210005    
  0.406000018      0.241589800    
  0.408000112      0.238983825    
  0.410000086      0.236392632    
  0.412000060      0.233816266    
  0.414000034      0.231254980    
  0.416000009      0.228708953    
  0.418000102      0.226178288    
  0.420000076      0.223663449    
  0.422000051      0.221164495    
  0.424000025      0.218681663    
  0.426000118      0.216215000    
  0.428000093      0.213764966    
  0.430000067      0.211331621    
  0.432000041      0.208915174    
  0.434000015      0.206515789    
  0.436000109      0.204133511    
  0.438000083      0.201768801    
  0.440000057      0.199421689    
  0.442000031      0.197092399    
  0.444000125      0.194780886    
  0.446000099      0.192487672    
  0.448000073      0.190212727    
  0.450000048      0.187956199    
  0.452000022      0.185718298    
  0.454000115      0.183499008    
  0.456000090      0.181298763    
  0.458000064      0.179117560    
  0.460000038      0.176955551    
  0.462000012      0.174812853    
  0.464000106      0.172689527    
  0.466000080      0.170585901    
  0.468000054      0.168502003    
  0.470000029      0.166437969    
  0.472000122      0.164393753    
  0.474000096      0.162369758    
  0.476000071      0.160365954    
  0.478000045      0.158382460    
  0.480000019      0.156419367    
  0.482000113      0.154476687    
  0.484000087      0.152554721    
  0.486000061      0.150653437    
  0.488000035      0.148772970    
  0.490000129      0.146913260    
  0.492000103      0.145074606    
  0.494000077      0.143256977    
  0.496000051      0.141460478    
  0.498000026      0.139685124    
  0.500000119      0.137930915    
  0.502000093      0.136198118    
  0.504000068      0.134486675    
  0.506000042      0.132796630    
  0.508000016      0.131128043    
  0.510000110      0.129480854    
  0.512000084      0.127855301    
  0.514000058      0.126251340    
  0.516000032      0.124668971    
  0.518000126      0.123108149    
  0.520000100      0.121569082    
  0.522000074      0.120051682    
  0.524000049      0.118555963    
  0.526000023      0.117081955    
  0.528000116      0.115629569    
  0.530000091      0.114198968    
  0.532000065      0.112790078    
  0.534000039      0.111402884    
  0.536000013      0.110037372    
  0.538000107      0.108693451    
  0.540000081      0.107371256    
  0.542000055      0.106070697    
  0.544000030      0.104791731    
  0.546000123      0.103534251    
  0.548000097      0.102298379    
  0.550000072      0.101083994    
  0.552000046       9.98910293E-02
  0.554000020       9.87194702E-02
  0.556000113       9.75691751E-02
  0.558000088       9.64402184E-02
  0.560000062       9.53324735E-02
  0.562000036       9.42458734E-02
  0.564000130       9.31802839E-02
  0.566000104       9.21357572E-02
  0.568000078       9.11121368E-02
  0.570000052       9.01093483E-02
  0.572000027       8.91273022E-02
  0.574000120       8.81658494E-02
  0.576000094       8.72249901E-02
  0.578000069       8.63046050E-02
  0.580000043       8.54045376E-02
  0.582000017       8.45247060E-02
  0.584000111       8.36649388E-02
  0.586000085       8.28252286E-02
  0.588000059       8.20053816E-02
  0.590000033       8.12052935E-02
  0.592000127       8.04247707E-02
  0.594000101       7.96637684E-02
  0.596000075       7.89221078E-02
  0.598000050       7.81996474E-02
  0.600000024       7.74962381E-02
  0.602000117       7.68116862E-02
  0.604000092       7.61459172E-02
  0.606000066       7.54987225E-02
  0.608000040       7.48699531E-02
  0.610000134       7.42593929E-02
  0.612000108       7.36669526E-02
  0.614000082       7.30924159E-02
  0.616000056       7.25356042E-02
  0.618000031       7.19963312E-02
  0.620000124       7.14743882E-02
  0.622000098       7.09696263E-02
  0.624000072       7.04818517E-02
  0.626000047       7.00108409E-02
  0.628000021       6.95564002E-02
  0.630000114       6.91182986E-02
  0.632000089       6.86963797E-02
  0.634000063       6.82904124E-02
  0.636000037       6.79001659E-02
  0.638000131       6.75254166E-02
  0.640000105       6.71659708E-02
  0.642000079       6.68215901E-02
  0.644000053       6.64920360E-02
  0.646000028       6.61770925E-02
  0.648000121       6.58764988E-02
  0.650000095       6.55900389E-02
  0.652000070       6.53174818E-02
  0.654000044       6.50585592E-02
  0.656000137       6.48130104E-02
  0.658000112       6.45806268E-02
  0.660000086       6.43611401E-02
  0.662000060       6.41542748E-02
  0.664000034       6.39597997E-02
  0.666000128       6.37774244E-02
  0.668000102       6.36069179E-02
  0.670000076       6.34479895E-02
  0.672000051       6.33003786E-02
  0.674000025       6.31638169E-02
  0.676000118       6.30380288E-02
  0.678000093       6.29227385E-02
  0.680000067       6.28176704E-02
  0.682000041       6.27225414E-02
  0.684000134       6.26370683E-02
  0.686000109       6.25609756E-02
  0.688000083       6.24939725E-02
  0.690000057       6.24357685E-02
  0.692000031       6.23860843E-02
  0.694000125       6.23446181E-02
  0.696000099       6.23110905E-02
  0.698000073       6.22851923E-02
  0.700000048       6.22666478E-02
  0.702000022       6.22551441E-02
  0.704000115       6.22503944E-02
  0.706000090       6.22520968E-02
  0.708000064       6.22599572E-02
  0.710000038       6.22736663E-02
  0.712000132       6.22929335E-02
  0.714000106       6.23174459E-02
  0.716000080       6.23469166E-02
  0.718000054       6.23810366E-02
  0.720000029       6.24194965E-02
  0.722000122       6.24620095E-02
  0.724000096       6.25082552E-02
  0.726000071       6.25579432E-02
  0.728000045       6.26107603E-02
  0.730000138       6.26664162E-02
  0.732000113       6.27246052E-02
  0.734000087       6.27850220E-02
  0.736000061       6.28473610E-02
  0.738000035       6.29113317E-02
  0.740000129       6.29766360E-02
  0.742000103       6.30429685E-02
  0.744000077       6.31100312E-02
  0.746000051       6.31775334E-02
  0.748000026       6.32451773E-02
  0.750000119       6.33126646E-02
  0.752000093       6.33797124E-02
  0.754000068       6.34460300E-02
  0.756000042       6.35113195E-02
  0.758000135       6.35753125E-02
  0.760000110       6.36377037E-02
  0.762000084       6.36982322E-02
  0.764000058       6.37566000E-02
  0.766000032       6.38125464E-02
  0.768000126       6.38657957E-02
  0.770000100       6.39160722E-02
  0.772000074       6.39631003E-02
  0.774000049       6.40066341E-02
  0.776000142       6.40463978E-02
  0.778000116       6.40821457E-02
  0.780000091       6.41136169E-02
  0.782000065       6.41405657E-02
  0.784000039       6.41627461E-02
  0.786000133       6.41799122E-02
  0.788000107       6.41918257E-02
  0.790000081       6.41982630E-02
  0.792000055       6.41989931E-02
  0.794000030       6.41937926E-02
  0.796000123       6.41824454E-02
  0.798000097       6.41647428E-02
  0.800000072       6.41404614E-02
  0.802000046       6.41094223E-02
  0.804000139       6.40714169E-02
  0.806000113       6.40262663E-02
  0.808000088       6.39737770E-02
  0.810000062       6.39137775E-02
  0.812000036       6.38461038E-02
  0.814000130       6.37705773E-02
  0.816000104       6.36870638E-02
  0.818000078       6.35953993E-02
  0.820000052       6.34954497E-02
  0.822000146       6.33870736E-02
  0.824000120       6.32701591E-02
  0.826000094       6.31445795E-02
  0.828000069       6.30102307E-02
  0.830000043       6.28670156E-02
  0.832000136       6.27148226E-02
  0.834000111       6.25535995E-02
  0.836000085       6.23832494E-02
  0.838000059       6.22037277E-02
  0.840000033       6.20149672E-02
  0.842000127       6.18169159E-02
  0.844000101       6.16095588E-02
  0.846000075       6.13928735E-02
  0.848000050       6.11668341E-02
  0.850000143       6.09314293E-02
  0.852000117       6.06867000E-02
  0.854000092       6.04326501E-02
  0.856000066       6.01693094E-02
  0.858000040       5.98967299E-02
  0.860000134       5.96149415E-02
  0.862000108       5.93240559E-02
  0.864000082       5.90241328E-02
  0.866000056       5.87152690E-02
  0.868000031       5.83975762E-02
  0.870000124       5.80711514E-02
  0.872000098       5.77361658E-02
  0.874000072       5.73927611E-02
  0.876000047       5.70410863E-02
  0.878000140       5.66813126E-02
  0.880000114       5.63136674E-02
  0.882000089       5.59383407E-02
  0.884000063       5.55555597E-02
  0.886000037       5.51655553E-02
  0.888000131       5.47685698E-02
  0.890000105       5.43649197E-02
  0.892000079       5.39548695E-02
  0.894000053       5.35387248E-02
  0.896000147       5.31167872E-02
  0.898000121       5.26894480E-02
  0.900000095       5.22570387E-02
  0.902000070       5.18199392E-02
  0.904000044       5.13785407E-02
  0.906000137       5.09332418E-02
  0.908000112       5.04845157E-02
  0.910000086       5.00328057E-02
  0.912000060       4.95785736E-02
  0.914000034       4.91223186E-02
  0.916000128       4.86645289E-02
  0.918000102       4.82057929E-02
  0.920000076       4.77466397E-02
  0.922000051       4.72876467E-02
  0.924000144       4.68293913E-02
  0.926000118       4.63725477E-02
  0.928000093       4.59177345E-02
  0.930000067       4.54656221E-02
  0.932000041       4.50169034E-02
  0.934000134       4.45722640E-02
  0.936000109       4.41325009E-02
  0.938000083       4.36983481E-02
  0.940000057       4.32705991E-02
  0.942000151       4.28500399E-02
  0.944000125       4.24375646E-02
  0.946000099       4.20340151E-02
  0.948000073       4.16402780E-02
  0.950000048       4.12572809E-02
  0.952000141       4.08859476E-02
  0.954000115       4.05272916E-02
  0.956000090       4.01822999E-02
  0.958000064       3.98520045E-02
  0.960000038       3.95374596E-02
  0.962000132       3.92397419E-02
  0.964000106       3.89600024E-02
  0.966000080       3.86993773E-02
  0.968000054       3.84590402E-02
  0.970000148       3.82401980E-02
  0.972000122       3.80441137E-02
  0.974000096       3.78720462E-02
  0.976000071       3.77253070E-02
  0.978000045       3.76052335E-02
  0.980000138       3.75131927E-02
  0.982000113       3.74506004E-02
  0.984000087       3.74188945E-02
  0.986000061       3.74195501E-02
  0.988000035       3.74540687E-02
  0.990000129       3.75240110E-02
  0.992000103       3.76309454E-02
  0.994000077       3.77764925E-02
  0.996000051       3.79623026E-02
  0.998000145       3.81900929E-02
   1.00000000       3.84615399E-02
