   0.0000000000000000       -2.0000000000000000        2.0000000000000000       0.97409091034002415     
   1.0000000000000000       -2.0000000000000000        1.0000000000000000       0.53694664511960366     
   1.0000000000000000       -2.0000000000000000        1.0000000000000000      -0.38213035174173648     
   1.0000000000000000       -2.0000000000000000        1.0000000000000000      -0.95822890571369235     
   1.0000000000000000       -2.0000000000000000        1.0000000000000000      -0.67427576131806888     
   1.0000000000000000       -2.0000000000000000        1.0000000000000000       0.21486890906035414     
   1.0000000000000000       -2.0000000000000000        1.0000000000000000       0.91115948261302127     
   1.0000000000000000       -2.0000000000000000        1.0000000000000000       0.78964519155310120     
   1.0000000000000000       -2.0000000000000000        1.0000000000000000       -4.0609656229238372E-002
   1.0000000000000000       -2.0000000000000000        1.0000000000000000      -0.83441558914184055     
   2.0000000000000000       -2.6283185307179586        0.0000000000000000       -1.5076161366739582     
 x(           0 ) =    0.0000000000000000        9.8696044010893580        1.0000000000000000        0.0000000000000000     
 x(           1 ) =   0.31415926535897931        5.4404069636300543       0.55122847305101397                            NaN
 x(           2 ) =   0.62831853071795862       -3.8717899544135612      -0.39229434099569505                            NaN
 x(           3 ) =   0.94247779607693793       -9.7088886927213398      -0.98371609419823558                            NaN
 x(           4 ) =    1.2566370614359172       -6.8318418238085172      -0.69221030004550665                            NaN
 x(           5 ) =    1.5707963267948966        2.1770772193932917       0.22058404074969779                            NaN
 x(           6 ) =    1.8849555921538759        9.2319757265291411       0.93539470796926383                            NaN
 x(           7 ) =    2.1991148575128552        8.0007785465640762       0.81064835239809507                            NaN
 x(           8 ) =    2.5132741228718345      -0.41146184364548677       -4.1689801021819239E-002                       NaN
 x(           9 ) =    2.8274333882308138       -8.4543975141469900      -0.85660956311621117                            NaN
 x(          10 ) =    3.1415926535897931       -8.9091474209335804      -0.90268536193307136                            NaN
