-.577350269 1
.577350269  1
-.774596669 .555555556
0           .888888889
.774596669  .555555556
-.861136312 .347854845
-.339981044 .652145155
.339981044  .652145155
.861136312  .347854845
-.906179846 .236926885
-.538469310 .478628671
0           .568888889
.538469310  .478628671
.906179846  .236926885
-.932469514 .171324492
-.661209387 .360761573
-.238619186 .467913935
.238619186  .467913935
.661209387  .360761573
.932469514  .171324492
-.949107912 .129484966
-.741531186 .279705392
-.405845151 .381830051
0           .417959184
.405845151  .381830051
.741531186  .279705392
.949107912  .129484966

