   2.00000000      0.144927531    
   2.31250000      0.271509826    
   2.62500000      0.383869380    
   2.93750000      0.484879494    
   3.25000000      0.576622605    
   3.56250000      0.660656214    
   3.87500000      0.738175571    
   4.18750000      0.810118020    
   4.50000000      0.877232134    
   4.81250000      0.940125227    
   5.12500000      0.999296844    
   5.43750000       1.05516279    
   5.75000000       1.10807288    
   6.06250000       1.15832412    
   6.37500000       1.20617104    
   6.68750000       1.25183308    
   7.00000000       1.25183308    
