   2.00000000      0.156250000    
   2.31250000      0.291385144    
   2.62500000      0.410432756    
   2.93750000      0.516815722    
   3.25000000      0.612969577    
   3.56250000      0.700688899    
   3.87500000      0.781334043    
   4.18750000      0.855960906    
   4.50000000      0.925405383    
   4.81250000      0.990340471    
   5.12500000       1.05131602    
   5.43750000       1.10878730    
   5.75000000       1.16313517    
   6.06250000       1.21468151    
   6.37500000       1.26370108    
   6.68750000       1.31043005    
   7.00000000       1.31043005    
