   2.00000000      0.271946043    
   2.31250000      0.271946043    
   2.62500000      0.485523820    
   2.93750000      0.485523820    
   3.25000000      0.661415875    
   3.56250000      0.661415875    
   3.87500000      0.810948253    
   4.18750000      0.810948253    
   4.50000000      0.941001654    
   4.81250000      0.941001654    
   5.12500000       1.05607116    
   5.43750000       1.05607116    
   5.75000000       1.15925550    
   6.06250000       1.15925550    
   6.37500000       1.25278163    
   6.68750000       1.25278163    
   7.00000000       1.25278163    
