   2.31250000      0.213260144    
   2.62500000      0.332307756    
   2.93750000      0.438690722    
   3.25000000      0.534844577    
   3.56250000      0.622563899    
   3.87500000      0.703209043    
   4.18750000      0.777835906    
   4.50000000      0.847280383    
   4.81250000      0.912215471    
   5.12500000      0.973191082    
   5.43750000       1.03066230    
   5.75000000       1.08501017    
   6.06250000       1.13655651    
   6.37500000       1.18557608    
   6.68750000       1.23230505    
